$MeshFormat
2.2 0 8
$EndMeshFormat
$PhysicalNames
5
1 29 "bottom"
1 30 "left"
1 31 "right"
1 32 "top"
1 33 "inner"
$EndPhysicalNames
$Nodes
260
1 0 -0 0
2 0 3 0
3 0.5 3 0
4 0.5 0.7 0
5 1.5 0.7 0
6 1.5 3 0
7 2 3 0
8 2 0.7 0
9 3 0.7 0
10 3 3 0
11 3.5 3 0
12 3.5 0.7 0
13 4.5 0.7 0
14 4.5 3 0
15 5 3 0
16 5 0.7 0
17 6 0.7 0
18 6 3 0
19 6.5 3 0
20 6.5 0.7 0
21 7.5 0.7 0
22 7.5 3 0
23 8 3 0
24 8 0.7 0
25 9 0.7 0
26 9 3 0
27 9.5 3 0
28 9.5 -0 0
29 0 0.2499999999991469 0
30 0 0.4999999999982145 0
31 0 0.7499999999970527 0
32 0 0.9999999999960245 0
33 0 1.249999999995622 0
34 0 1.499999999994928 0
35 0 1.749999999995096 0
36 0 1.999999999996158 0
37 0 2.249999999996656 0
38 0 2.499999999997216 0
39 0 2.749999999998253 0
40 0.1249999999997042 3 0
41 0.2499999999993359 3 0
42 0.3749999999996679 3 0
43 0.5 2.808333333333875 0
44 0.5 2.616666666667889 0
45 0.5 2.425000000001767 0
46 0.5 2.233333333335372 0
47 0.5 2.041666666669106 0
48 0.5 1.85000000000334 0
49 0.5 1.658333333336233 0
50 0.5 1.466666666668865 0
51 0.5 1.27500000000163 0
52 0.5 1.083333333334519 0
53 0.5 0.8916666666672629 0
54 0.7499999999996563 0.7 0
55 0.9999999999996514 0.7 0
56 1.250000000000125 0.7 0
57 1.5 0.891666666666153 0
58 1.5 1.083333333332509 0
59 1.5 1.274999999998631 0
60 1.5 1.466666666664815 0
61 1.5 1.658333333330989 0
62 1.5 1.849999999997243 0
63 1.5 2.041666666664419 0
64 1.5 2.233333333331583 0
65 1.5 2.424999999998763 0
66 1.5 2.61666666666573 0
67 1.5 2.808333333332853 0
68 1.625 3 0
69 1.75 3 0
70 1.874999999999767 3 0
71 2 2.808333333333875 0
72 2 2.616666666667889 0
73 2 2.425000000001767 0
74 2 2.233333333335372 0
75 2 2.041666666669106 0
76 2 1.85000000000334 0
77 2 1.658333333336233 0
78 2 1.466666666668865 0
79 2 1.27500000000163 0
80 2 1.083333333334519 0
81 2 0.8916666666672629 0
82 2.25 0.7 0
83 2.5 0.7 0
84 2.749999999999534 0.7 0
85 3 0.891666666666153 0
86 3 1.083333333332509 0
87 3 1.274999999998631 0
88 3 1.466666666664815 0
89 3 1.658333333330989 0
90 3 1.849999999997243 0
91 3 2.041666666664419 0
92 3 2.233333333331583 0
93 3 2.424999999998763 0
94 3 2.61666666666573 0
95 3 2.808333333332853 0
96 3.124999999999553 3 0
97 3.24999999999836 3 0
98 3.37499999999918 3 0
99 3.5 2.808333333333875 0
100 3.5 2.616666666667889 0
101 3.5 2.425000000001767 0
102 3.5 2.233333333335372 0
103 3.5 2.041666666669106 0
104 3.5 1.85000000000334 0
105 3.5 1.658333333336233 0
106 3.5 1.466666666668865 0
107 3.5 1.27500000000163 0
108 3.5 1.083333333334519 0
109 3.5 0.8916666666672629 0
110 3.749999999999434 0.7 0
111 3.999999999998305 0.7 0
112 4.249999999999337 0.7 0
113 4.5 0.891666666666153 0
114 4.5 1.083333333332509 0
115 4.5 1.274999999998631 0
116 4.5 1.466666666664815 0
117 4.5 1.658333333330989 0
118 4.5 1.849999999997243 0
119 4.5 2.041666666664419 0
120 4.5 2.233333333331583 0
121 4.5 2.424999999998763 0
122 4.5 2.61666666666573 0
123 4.5 2.808333333332853 0
124 4.625 3 0
125 4.75 3 0
126 4.875000000000185 3 0
127 5 2.808333333333875 0
128 5 2.616666666667889 0
129 5 2.425000000001767 0
130 5 2.233333333335372 0
131 5 2.041666666669106 0
132 5 1.85000000000334 0
133 5 1.658333333336233 0
134 5 1.466666666668865 0
135 5 1.27500000000163 0
136 5 1.083333333334519 0
137 5 0.8916666666672629 0
138 5.249999999999106 0.7 0
139 5.499999999996719 0.7 0
140 5.74999999999836 0.7 0
141 6 0.891666666666153 0
142 6 1.083333333332509 0
143 6 1.274999999998631 0
144 6 1.466666666664815 0
145 6 1.658333333330989 0
146 6 1.849999999997243 0
147 6 2.041666666664419 0
148 6 2.233333333331583 0
149 6 2.424999999998763 0
150 6 2.61666666666573 0
151 6 2.808333333332853 0
152 6.125 3 0
153 6.25 3 0
154 6.375000000000185 3 0
155 6.5 2.808333333333875 0
156 6.5 2.616666666667889 0
157 6.5 2.425000000001767 0
158 6.5 2.233333333335372 0
159 6.5 2.041666666669106 0
160 6.5 1.85000000000334 0
161 6.5 1.658333333336233 0
162 6.5 1.466666666668865 0
163 6.5 1.27500000000163 0
164 6.5 1.083333333334519 0
165 6.5 0.8916666666672629 0
166 6.749999999999106 0.7 0
167 6.999999999996719 0.7 0
168 7.24999999999836 0.7 0
169 7.5 0.891666666666153 0
170 7.5 1.083333333332509 0
171 7.5 1.274999999998631 0
172 7.5 1.466666666664815 0
173 7.5 1.658333333330989 0
174 7.5 1.849999999997243 0
175 7.5 2.041666666664419 0
176 7.5 2.233333333331583 0
177 7.5 2.424999999998763 0
178 7.5 2.61666666666573 0
179 7.5 2.808333333332853 0
180 7.625 3 0
181 7.75 3 0
182 7.875000000000185 3 0
183 8 2.808333333333875 0
184 8 2.616666666667889 0
185 8 2.425000000001767 0
186 8 2.233333333335372 0
187 8 2.041666666669106 0
188 8 1.85000000000334 0
189 8 1.658333333336233 0
190 8 1.466666666668865 0
191 8 1.27500000000163 0
192 8 1.083333333334519 0
193 8 0.8916666666672629 0
194 8.25 0.7 0
195 8.5 0.7 0
196 8.750000000000369 0.7 0
197 9 0.891666666666153 0
198 9 1.083333333332509 0
199 9 1.274999999998631 0
200 9 1.466666666664815 0
201 9 1.658333333330989 0
202 9 1.849999999997243 0
203 9 2.041666666664419 0
204 9 2.233333333331583 0
205 9 2.424999999998763 0
206 9 2.61666666666573 0
207 9 2.808333333332853 0
208 9.125000000001641 3 0
209 9.25 3 0
210 9.375000000001494 3 0
211 9.5 2.750000000001478 0
212 9.5 2.50000000000355 0
213 9.5 2.250000000005647 0
214 9.5 2.000000000007357 0
215 9.5 1.750000000007016 0
216 9.5 1.500000000006755 0
217 9.5 1.250000000005312 0
218 9.5 1.000000000003713 0
219 9.5 0.7500000000027841 0
220 9.5 0.5000000000018561 0
221 9.5 0.250000000000928 0
222 0.2374999999999595 0 0
223 0.4749999999998583 0 0
224 0.7124999999998409 0 0
225 0.9499999999998674 0 0
226 1.187499999999726 0 0
227 1.424999999999267 0 0
228 1.662499999998889 0 0
229 1.899999999998423 0 0
230 2.137499999998346 0 0
231 2.374999999998407 0 0
232 2.61249999999836 0 0
233 2.849999999998488 0 0
234 3.087499999998517 0 0
235 3.324999999998545 0 0
236 3.562499999998537 0 0
237 3.799999999998709 0 0
238 4.037499999998809 0 0
239 4.274999999998719 0 0
240 4.512499999998705 0 0
241 4.749999999998925 0 0
242 4.987499999999182 0 0
243 5.22499999999928 0 0
244 5.462499999999061 0 0
245 5.69999999999914 0 0
246 5.937499999999213 0 0
247 6.174999999999248 0 0
248 6.412499999999384 0 0
249 6.649999999999356 0 0
250 6.887499999999354 0 0
251 7.124999999999313 0 0
252 7.362499999999307 0 0
253 7.59999999999957 0 0
254 7.837499999999517 0 0
255 8.074999999999752 0 0
256 8.312499999999771 0 0
257 8.549999999999786 0 0
258 8.787499999999783 0 0
259 9.025000000000409 0 0
260 9.262500000000433 0 0
$EndNodes
$Elements
260
1 1 2 30 1 1 29
2 1 2 30 1 29 30
3 1 2 30 1 30 31
4 1 2 30 1 31 32
5 1 2 30 1 32 33
6 1 2 30 1 33 34
7 1 2 30 1 34 35
8 1 2 30 1 35 36
9 1 2 30 1 36 37
10 1 2 30 1 37 38
11 1 2 30 1 38 39
12 1 2 30 1 39 2
13 1 2 32 2 2 40
14 1 2 32 2 40 41
15 1 2 32 2 41 42
16 1 2 32 2 42 3
17 1 2 33 3 3 43
18 1 2 33 3 43 44
19 1 2 33 3 44 45
20 1 2 33 3 45 46
21 1 2 33 3 46 47
22 1 2 33 3 47 48
23 1 2 33 3 48 49
24 1 2 33 3 49 50
25 1 2 33 3 50 51
26 1 2 33 3 51 52
27 1 2 33 3 52 53
28 1 2 33 3 53 4
29 1 2 32 4 4 54
30 1 2 32 4 54 55
31 1 2 32 4 55 56
32 1 2 32 4 56 5
33 1 2 33 5 5 57
34 1 2 33 5 57 58
35 1 2 33 5 58 59
36 1 2 33 5 59 60
37 1 2 33 5 60 61
38 1 2 33 5 61 62
39 1 2 33 5 62 63
40 1 2 33 5 63 64
41 1 2 33 5 64 65
42 1 2 33 5 65 66
43 1 2 33 5 66 67
44 1 2 33 5 67 6
45 1 2 32 6 6 68
46 1 2 32 6 68 69
47 1 2 32 6 69 70
48 1 2 32 6 70 7
49 1 2 33 7 7 71
50 1 2 33 7 71 72
51 1 2 33 7 72 73
52 1 2 33 7 73 74
53 1 2 33 7 74 75
54 1 2 33 7 75 76
55 1 2 33 7 76 77
56 1 2 33 7 77 78
57 1 2 33 7 78 79
58 1 2 33 7 79 80
59 1 2 33 7 80 81
60 1 2 33 7 81 8
61 1 2 32 8 8 82
62 1 2 32 8 82 83
63 1 2 32 8 83 84
64 1 2 32 8 84 9
65 1 2 33 9 9 85
66 1 2 33 9 85 86
67 1 2 33 9 86 87
68 1 2 33 9 87 88
69 1 2 33 9 88 89
70 1 2 33 9 89 90
71 1 2 33 9 90 91
72 1 2 33 9 91 92
73 1 2 33 9 92 93
74 1 2 33 9 93 94
75 1 2 33 9 94 95
76 1 2 33 9 95 10
77 1 2 32 10 10 96
78 1 2 32 10 96 97
79 1 2 32 10 97 98
80 1 2 32 10 98 11
81 1 2 33 11 11 99
82 1 2 33 11 99 100
83 1 2 33 11 100 101
84 1 2 33 11 101 102
85 1 2 33 11 102 103
86 1 2 33 11 103 104
87 1 2 33 11 104 105
88 1 2 33 11 105 106
89 1 2 33 11 106 107
90 1 2 33 11 107 108
91 1 2 33 11 108 109
92 1 2 33 11 109 12
93 1 2 32 12 12 110
94 1 2 32 12 110 111
95 1 2 32 12 111 112
96 1 2 32 12 112 13
97 1 2 33 13 13 113
98 1 2 33 13 113 114
99 1 2 33 13 114 115
100 1 2 33 13 115 116
101 1 2 33 13 116 117
102 1 2 33 13 117 118
103 1 2 33 13 118 119
104 1 2 33 13 119 120
105 1 2 33 13 120 121
106 1 2 33 13 121 122
107 1 2 33 13 122 123
108 1 2 33 13 123 14
109 1 2 32 14 14 124
110 1 2 32 14 124 125
111 1 2 32 14 125 126
112 1 2 32 14 126 15
113 1 2 33 15 15 127
114 1 2 33 15 127 128
115 1 2 33 15 128 129
116 1 2 33 15 129 130
117 1 2 33 15 130 131
118 1 2 33 15 131 132
119 1 2 33 15 132 133
120 1 2 33 15 133 134
121 1 2 33 15 134 135
122 1 2 33 15 135 136
123 1 2 33 15 136 137
124 1 2 33 15 137 16
125 1 2 32 16 16 138
126 1 2 32 16 138 139
127 1 2 32 16 139 140
128 1 2 32 16 140 17
129 1 2 33 17 17 141
130 1 2 33 17 141 142
131 1 2 33 17 142 143
132 1 2 33 17 143 144
133 1 2 33 17 144 145
134 1 2 33 17 145 146
135 1 2 33 17 146 147
136 1 2 33 17 147 148
137 1 2 33 17 148 149
138 1 2 33 17 149 150
139 1 2 33 17 150 151
140 1 2 33 17 151 18
141 1 2 32 18 18 152
142 1 2 32 18 152 153
143 1 2 32 18 153 154
144 1 2 32 18 154 19
145 1 2 33 19 19 155
146 1 2 33 19 155 156
147 1 2 33 19 156 157
148 1 2 33 19 157 158
149 1 2 33 19 158 159
150 1 2 33 19 159 160
151 1 2 33 19 160 161
152 1 2 33 19 161 162
153 1 2 33 19 162 163
154 1 2 33 19 163 164
155 1 2 33 19 164 165
156 1 2 33 19 165 20
157 1 2 32 20 20 166
158 1 2 32 20 166 167
159 1 2 32 20 167 168
160 1 2 32 20 168 21
161 1 2 33 21 21 169
162 1 2 33 21 169 170
163 1 2 33 21 170 171
164 1 2 33 21 171 172
165 1 2 33 21 172 173
166 1 2 33 21 173 174
167 1 2 33 21 174 175
168 1 2 33 21 175 176
169 1 2 33 21 176 177
170 1 2 33 21 177 178
171 1 2 33 21 178 179
172 1 2 33 21 179 22
173 1 2 32 22 22 180
174 1 2 32 22 180 181
175 1 2 32 22 181 182
176 1 2 32 22 182 23
177 1 2 33 23 23 183
178 1 2 33 23 183 184
179 1 2 33 23 184 185
180 1 2 33 23 185 186
181 1 2 33 23 186 187
182 1 2 33 23 187 188
183 1 2 33 23 188 189
184 1 2 33 23 189 190
185 1 2 33 23 190 191
186 1 2 33 23 191 192
187 1 2 33 23 192 193
188 1 2 33 23 193 24
189 1 2 32 24 24 194
190 1 2 32 24 194 195
191 1 2 32 24 195 196
192 1 2 32 24 196 25
193 1 2 33 25 25 197
194 1 2 33 25 197 198
195 1 2 33 25 198 199
196 1 2 33 25 199 200
197 1 2 33 25 200 201
198 1 2 33 25 201 202
199 1 2 33 25 202 203
200 1 2 33 25 203 204
201 1 2 33 25 204 205
202 1 2 33 25 205 206
203 1 2 33 25 206 207
204 1 2 33 25 207 26
205 1 2 32 26 26 208
206 1 2 32 26 208 209
207 1 2 32 26 209 210
208 1 2 32 26 210 27
209 1 2 31 27 27 211
210 1 2 31 27 211 212
211 1 2 31 27 212 213
212 1 2 31 27 213 214
213 1 2 31 27 214 215
214 1 2 31 27 215 216
215 1 2 31 27 216 217
216 1 2 31 27 217 218
217 1 2 31 27 218 219
218 1 2 31 27 219 220
219 1 2 31 27 220 221
220 1 2 31 27 221 28
221 1 2 29 28 1 222
222 1 2 29 28 222 223
223 1 2 29 28 223 224
224 1 2 29 28 224 225
225 1 2 29 28 225 226
226 1 2 29 28 226 227
227 1 2 29 28 227 228
228 1 2 29 28 228 229
229 1 2 29 28 229 230
230 1 2 29 28 230 231
231 1 2 29 28 231 232
232 1 2 29 28 232 233
233 1 2 29 28 233 234
234 1 2 29 28 234 235
235 1 2 29 28 235 236
236 1 2 29 28 236 237
237 1 2 29 28 237 238
238 1 2 29 28 238 239
239 1 2 29 28 239 240
240 1 2 29 28 240 241
241 1 2 29 28 241 242
242 1 2 29 28 242 243
243 1 2 29 28 243 244
244 1 2 29 28 244 245
245 1 2 29 28 245 246
246 1 2 29 28 246 247
247 1 2 29 28 247 248
248 1 2 29 28 248 249
249 1 2 29 28 249 250
250 1 2 29 28 250 251
251 1 2 29 28 251 252
252 1 2 29 28 252 253
253 1 2 29 28 253 254
254 1 2 29 28 254 255
255 1 2 29 28 255 256
256 1 2 29 28 256 257
257 1 2 29 28 257 258
258 1 2 29 28 258 259
259 1 2 29 28 259 260
260 1 2 29 28 260 28
$EndElements
