$MeshFormat
2.2 0 8
$EndMeshFormat
$PhysicalNames
5
1 29 "bottom"
1 30 "left"
1 31 "right"
1 32 "top"
1 33 "inner"
$EndPhysicalNames
$Nodes
564
1 0 -0 0
2 0 3 0
3 0.5 3 0
4 0.5 0.7 0
5 1.5 0.7 0
6 1.5 3 0
7 2 3 0
8 2 0.7 0
9 3 0.7 0
10 3 3 0
11 3.5 3 0
12 3.5 0.7 0
13 4.5 0.7 0
14 4.5 3 0
15 5 3 0
16 5 0.7 0
17 6 0.7 0
18 6 3 0
19 6.5 3 0
20 6.5 0.7 0
21 7.5 0.7 0
22 7.5 3 0
23 8 3 0
24 8 0.7 0
25 9 0.7 0
26 9 3 0
27 9.5 3 0
28 9.5 -0 0
29 0 0.2499999999991469 0
30 0 0.4999999999982145 0
31 0 0.7499999999970527 0
32 0 0.9999999999960245 0
33 0 1.249999999995622 0
34 0 1.499999999994928 0
35 0 1.749999999995096 0
36 0 1.999999999996158 0
37 0 2.249999999996656 0
38 0 2.499999999997216 0
39 0 2.749999999998253 0
40 0.1249999999997042 3 0
41 0.2499999999993359 3 0
42 0.3749999999996679 3 0
43 0.5 2.808333333333875 0
44 0.5 2.616666666667889 0
45 0.5 2.425000000001767 0
46 0.5 2.233333333335372 0
47 0.5 2.041666666669106 0
48 0.5 1.85000000000334 0
49 0.5 1.658333333336233 0
50 0.5 1.466666666668865 0
51 0.5 1.27500000000163 0
52 0.5 1.083333333334519 0
53 0.5 0.8916666666672629 0
54 0.7499999999996563 0.7 0
55 0.9999999999996514 0.7 0
56 1.250000000000125 0.7 0
57 1.5 0.891666666666153 0
58 1.5 1.083333333332509 0
59 1.5 1.274999999998631 0
60 1.5 1.466666666664815 0
61 1.5 1.658333333330989 0
62 1.5 1.849999999997243 0
63 1.5 2.041666666664419 0
64 1.5 2.233333333331583 0
65 1.5 2.424999999998763 0
66 1.5 2.61666666666573 0
67 1.5 2.808333333332853 0
68 1.625 3 0
69 1.75 3 0
70 1.874999999999767 3 0
71 2 2.808333333333875 0
72 2 2.616666666667889 0
73 2 2.425000000001767 0
74 2 2.233333333335372 0
75 2 2.041666666669106 0
76 2 1.85000000000334 0
77 2 1.658333333336233 0
78 2 1.466666666668865 0
79 2 1.27500000000163 0
80 2 1.083333333334519 0
81 2 0.8916666666672629 0
82 2.25 0.7 0
83 2.5 0.7 0
84 2.749999999999534 0.7 0
85 3 0.891666666666153 0
86 3 1.083333333332509 0
87 3 1.274999999998631 0
88 3 1.466666666664815 0
89 3 1.658333333330989 0
90 3 1.849999999997243 0
91 3 2.041666666664419 0
92 3 2.233333333331583 0
93 3 2.424999999998763 0
94 3 2.61666666666573 0
95 3 2.808333333332853 0
96 3.124999999999553 3 0
97 3.24999999999836 3 0
98 3.37499999999918 3 0
99 3.5 2.808333333333875 0
100 3.5 2.616666666667889 0
101 3.5 2.425000000001767 0
102 3.5 2.233333333335372 0
103 3.5 2.041666666669106 0
104 3.5 1.85000000000334 0
105 3.5 1.658333333336233 0
106 3.5 1.466666666668865 0
107 3.5 1.27500000000163 0
108 3.5 1.083333333334519 0
109 3.5 0.8916666666672629 0
110 3.749999999999434 0.7 0
111 3.999999999998305 0.7 0
112 4.249999999999337 0.7 0
113 4.5 0.891666666666153 0
114 4.5 1.083333333332509 0
115 4.5 1.274999999998631 0
116 4.5 1.466666666664815 0
117 4.5 1.658333333330989 0
118 4.5 1.849999999997243 0
119 4.5 2.041666666664419 0
120 4.5 2.233333333331583 0
121 4.5 2.424999999998763 0
122 4.5 2.61666666666573 0
123 4.5 2.808333333332853 0
124 4.625 3 0
125 4.75 3 0
126 4.875000000000185 3 0
127 5 2.808333333333875 0
128 5 2.616666666667889 0
129 5 2.425000000001767 0
130 5 2.233333333335372 0
131 5 2.041666666669106 0
132 5 1.85000000000334 0
133 5 1.658333333336233 0
134 5 1.466666666668865 0
135 5 1.27500000000163 0
136 5 1.083333333334519 0
137 5 0.8916666666672629 0
138 5.249999999999106 0.7 0
139 5.499999999996719 0.7 0
140 5.74999999999836 0.7 0
141 6 0.891666666666153 0
142 6 1.083333333332509 0
143 6 1.274999999998631 0
144 6 1.466666666664815 0
145 6 1.658333333330989 0
146 6 1.849999999997243 0
147 6 2.041666666664419 0
148 6 2.233333333331583 0
149 6 2.424999999998763 0
150 6 2.61666666666573 0
151 6 2.808333333332853 0
152 6.125 3 0
153 6.25 3 0
154 6.375000000000185 3 0
155 6.5 2.808333333333875 0
156 6.5 2.616666666667889 0
157 6.5 2.425000000001767 0
158 6.5 2.233333333335372 0
159 6.5 2.041666666669106 0
160 6.5 1.85000000000334 0
161 6.5 1.658333333336233 0
162 6.5 1.466666666668865 0
163 6.5 1.27500000000163 0
164 6.5 1.083333333334519 0
165 6.5 0.8916666666672629 0
166 6.749999999999106 0.7 0
167 6.999999999996719 0.7 0
168 7.24999999999836 0.7 0
169 7.5 0.891666666666153 0
170 7.5 1.083333333332509 0
171 7.5 1.274999999998631 0
172 7.5 1.466666666664815 0
173 7.5 1.658333333330989 0
174 7.5 1.849999999997243 0
175 7.5 2.041666666664419 0
176 7.5 2.233333333331583 0
177 7.5 2.424999999998763 0
178 7.5 2.61666666666573 0
179 7.5 2.808333333332853 0
180 7.625 3 0
181 7.75 3 0
182 7.875000000000185 3 0
183 8 2.808333333333875 0
184 8 2.616666666667889 0
185 8 2.425000000001767 0
186 8 2.233333333335372 0
187 8 2.041666666669106 0
188 8 1.85000000000334 0
189 8 1.658333333336233 0
190 8 1.466666666668865 0
191 8 1.27500000000163 0
192 8 1.083333333334519 0
193 8 0.8916666666672629 0
194 8.25 0.7 0
195 8.5 0.7 0
196 8.750000000000369 0.7 0
197 9 0.891666666666153 0
198 9 1.083333333332509 0
199 9 1.274999999998631 0
200 9 1.466666666664815 0
201 9 1.658333333330989 0
202 9 1.849999999997243 0
203 9 2.041666666664419 0
204 9 2.233333333331583 0
205 9 2.424999999998763 0
206 9 2.61666666666573 0
207 9 2.808333333332853 0
208 9.125000000001641 3 0
209 9.25 3 0
210 9.375000000001494 3 0
211 9.5 2.750000000001478 0
212 9.5 2.50000000000355 0
213 9.5 2.250000000005647 0
214 9.5 2.000000000007357 0
215 9.5 1.750000000007016 0
216 9.5 1.500000000006755 0
217 9.5 1.250000000005312 0
218 9.5 1.000000000003713 0
219 9.5 0.7500000000027841 0
220 9.5 0.5000000000018561 0
221 9.5 0.250000000000928 0
222 0.2374999999999595 0 0
223 0.4749999999998583 0 0
224 0.7124999999998409 0 0
225 0.9499999999998674 0 0
226 1.187499999999726 0 0
227 1.424999999999267 0 0
228 1.662499999998889 0 0
229 1.899999999998423 0 0
230 2.137499999998346 0 0
231 2.374999999998407 0 0
232 2.61249999999836 0 0
233 2.849999999998488 0 0
234 3.087499999998517 0 0
235 3.324999999998545 0 0
236 3.562499999998537 0 0
237 3.799999999998709 0 0
238 4.037499999998809 0 0
239 4.274999999998719 0 0
240 4.512499999998705 0 0
241 4.749999999998925 0 0
242 4.987499999999182 0 0
243 5.22499999999928 0 0
244 5.462499999999061 0 0
245 5.69999999999914 0 0
246 5.937499999999213 0 0
247 6.174999999999248 0 0
248 6.412499999999384 0 0
249 6.649999999999356 0 0
250 6.887499999999354 0 0
251 7.124999999999313 0 0
252 7.362499999999307 0 0
253 7.59999999999957 0 0
254 7.837499999999517 0 0
255 8.074999999999752 0 0
256 8.312499999999771 0 0
257 8.549999999999786 0 0
258 8.787499999999783 0 0
259 9.025000000000409 0 0
260 9.262500000000433 0 0
261 1.805711055623415 0.2010249637344253 0
262 7.691526120389296 0.1902526175532294 0
263 3.202338154949182 0.2039036076684798 0
264 6.315990957296524 0.2009289004259627 0
265 4.631348334444868 0.1861759959556257 0
266 5.109962905971892 0.1865202071053775 0
267 8.905947974500265 0.194114604373525 0
268 0.5941684184775757 0.1922328207580295 0
269 3.637426124360852 0.5050450801718258 0
270 5.862120438055735 0.5303672629811961 0
271 1.360715391756487 0.5303680184693371 0
272 8.125 0.5087527233306782 0
273 6.631101888066606 0.5075139192757059 0
274 2.865131034366718 0.4960758561322856 0
275 2.13360207202296 0.5068833865998905 0
276 7.364823335258718 0.4972505898327538 0
277 4.155702486607991 0.1985792797411263 0
278 1.092431763830919 0.1924423420328891 0
279 8.411483845230199 0.190190717252281 0
280 7.007383184576838 0.2323980479141847 0
281 2.501221121343641 0.2325258766077023 0
282 5.600752100594374 0.191573441991426 0
283 3.333415031553663 2.692411448617551 0
284 1.83341503155376 2.692411448617546 0
285 4.833415031553768 2.69241144861755 0
286 6.333415031553767 2.69241144861755 0
287 7.833415031553768 2.69241144861755 0
288 1.665988202391573 0.7958333333330765 0
289 1.69148357803212 0.5746441966098849 0
290 3.165988202391572 0.7958333333330765 0
291 3.153374313071747 0.6092925138547542 0
292 4.665988202391572 0.7958333333330765 0
293 4.652506550794722 0.6036952464270291 0
294 6.165988202391572 0.7958333333330765 0
295 6.183057928139672 0.5959363541923903 0
296 7.665988202391572 0.7958333333330765 0
297 7.684842261201496 0.5840831620340414 0
298 1.665988202391546 1.17916666666557 0
299 3.165988202391546 1.17916666666557 0
300 4.665988202391546 1.17916666666557 0
301 6.165988202391546 1.17916666666557 0
302 7.665988202391546 1.17916666666557 0
303 4.834011797608392 2.329166666668569 0
304 6.334011797608392 2.329166666668569 0
305 7.834011797608392 2.329166666668569 0
306 3.334011797608392 2.32916666666857 0
307 1.834011797608392 2.329166666668569 0
308 4.834011797608762 1.945833333336223 0
309 6.334011797608762 1.945833333336223 0
310 7.834011797608762 1.945833333336223 0
311 1.834011797608763 1.945833333336223 0
312 3.334011797608763 1.945833333336222 0
313 1.665988202391591 1.562499999997902 0
314 3.165988202391591 1.562499999997902 0
315 4.665988202391591 1.562499999997902 0
316 6.165988202391591 1.562499999997902 0
317 7.665988202391591 1.562499999997902 0
318 0.2171131793769322 0.3755965669215432 0
319 9.276687173408787 0.375490808176479 0
320 4.497761947073013 0.504456911954281 0
321 0.343606443210049 1.373967195963345 0
322 9.156393556788652 1.373967195960733 0
323 9.165014388188679 2.137499999997987 0
324 0.334985611812061 2.137500000002256 0
325 9.183007812762483 2.900365132116027 0
326 0.3169921872381418 2.900365132116274 0
327 3.187499999998955 2.891746824527979 0
328 1.6875 2.891746824527046 0
329 4.6875 2.891746824526945 0
330 6.1875 2.891746824526945 0
331 7.6875 2.891746824526945 0
332 0.3358384110166479 0.7956136879621865 0
333 9.164161588984895 0.7956136879608449 0
334 9.163567784983638 2.522489477415004 0
335 0.3364322150175776 2.522489477417837 0
336 5.369560921322398 0.4744570517868233 0
337 0.3336639025475583 1.754166666669724 0
338 9.166336097452255 1.754166666664192 0
339 0.8660442651384042 0.4743673464621214 0
340 8.631171048016908 0.4731547229505524 0
341 4.834011797607535 0.9875000000008911 0
342 6.334011797607535 0.9875000000008911 0
343 7.834011797607535 0.9875000000008911 0
344 1.834011797607535 0.987500000000891 0
345 3.334011797607535 0.987500000000891 0
346 4.665988202392278 2.520833333332246 0
347 6.165988202392278 2.520833333332246 0
348 7.665988202392278 2.520833333332246 0
349 1.665988202392278 2.520833333332246 0
350 3.165988202392278 2.520833333332246 0
351 1.834011797607544 1.370833333335247 0
352 3.334011797607544 1.370833333335248 0
353 4.834011797607544 1.370833333335248 0
354 6.334011797607544 1.370833333335248 0
355 7.834011797607544 1.370833333335248 0
356 3.165988202392448 2.137499999998002 0
357 1.665988202392448 2.137499999998002 0
358 4.665988202392448 2.137499999998002 0
359 6.165988202392448 2.137499999998002 0
360 7.665988202392448 2.137499999998002 0
361 6.381161434268672 0.5012368973500867 0
362 1.911624176039319 0.5057633078036922 0
363 7.888977407326334 0.4971228243061516 0
364 3.421187181363649 0.4886748710526542 0
365 8.03489438868796 0.3463605421231088 0
366 3.532249519345431 0.3299506732981716 0
367 3.773462658426016 0.3422280192033467 0
368 1.990138739045231 0.3389669947974006 0
369 0.1876548616026383 1.108148553832132 0
370 9.312345138396998 1.108148553835846 0
371 6.489910840994405 0.3381220813463994 0
372 6.744257029109258 0.3199438766419005 0
373 5.129995162754749 0.5160608860905767 0
374 4.944476534656037 0.5192803493137315 0
375 8.869090818999528 0.5183578201888805 0
376 0.6298946999455788 0.5233009170655367 0
377 2.237342169319683 0.3165479001637207 0
378 4.124790847812764 0.5246369310382966 0
379 2.630198500066414 0.4867455495772403 0
380 2.770119388541627 0.2969928823545722 0
381 1.125598599181217 0.5249519443511756 0
382 8.371517790452941 0.5206325339280184 0
383 7.131169161223536 0.4868188409368742 0
384 7.270175676770521 0.2964357733476488 0
385 5.626412855256384 0.5240936143579358 0
386 7.503098065018126 0.3308604619788309 0
387 4.874841698120398 0.1858458350483092 0
388 0.3369719771522981 0.574937382956571 0
389 9.156058824923424 0.5734738489162187 0
390 8.652028490592228 0.2231369778354516 0
391 0.8481739862365643 0.2252994194226605 0
392 5.357464972502957 0.2244886922018989 0
393 6.070741401857092 0.1944831684175448 0
394 5.844972180955896 0.1881740319104514 0
395 1.559266479919884 0.1940782416137571 0
396 1.336053119850968 0.1882206528460974 0
397 3.002973065634653 0.3220264119363702 0
398 4.394561697528871 0.1795328577560646 0
399 1.834011797608662 1.754166666670283 0
400 4.83401179760866 1.754166666670284 0
401 6.33401179760867 1.754166666670279 0
402 7.834011797608656 1.754166666670287 0
403 3.334011797608661 1.754166666670284 0
404 6.186286255214907 0.3964534624794989 0
405 1.648568638427896 0.3753134731552358 0
406 9.15207018835804 2.751969114467537 0
407 0.3479298116424322 2.751969114468924 0
408 9.136332662223806 0.1851252896549318 0
409 0.3637318377602162 0.1934067804236999 0
410 9.162651739866643 2.329442690678962 0
411 0.3374227359529454 1.563022310440631 0
412 9.164568496358569 1.945833333330841 0
413 0.3354315036403114 1.945833333336163 0
414 0.3373482601342244 2.329442690682386 0
415 9.162577264047815 1.563022310436083 0
416 6.894632770740061 0.4948286345266584 0
417 2.389688875393759 0.4937259777117623 0
418 4.747100917114842 0.3983186983573657 0
419 8.162904465211417 0.1791381692851021 0
420 3.881514335787176 0.5215754142750607 0
421 6.141724027659432 1.754166666664796 0
422 1.641724027659428 1.754166666664796 0
423 3.141724027659428 1.754166666664797 0
424 4.641724027659429 1.754166666664797 0
425 7.641724027659429 1.754166666664797 0
426 1.655695573518642 1.937517932341053 0
427 3.155695573518644 1.937517932341053 0
428 4.655695573518644 1.937517932341053 0
429 6.155695573518638 1.937517932341052 0
430 7.655695573518646 1.937517932341053 0
431 1.655795598382 2.755308915942528 0
432 3.15579559838155 2.755308915942736 0
433 4.655795598382014 2.755308915942522 0
434 6.155795598382014 2.755308915942522 0
435 7.655795598382014 2.755308915942521 0
436 3.366683006310867 2.516815623057605 0
437 4.866683006310888 2.516815623057604 0
438 6.366683006310888 2.516815623057604 0
439 7.866683006310888 2.516815623057604 0
440 1.866683006310886 2.516815623057604 0
441 4.866802359521921 2.137500000001455 0
442 6.366802359521921 2.137500000001455 0
443 7.866802359521921 2.137500000001455 0
444 1.866802359521921 2.137500000001455 0
445 3.366802359521921 2.137500000001455 0
446 1.633197640478624 2.329166666665833 0
447 3.133197640478624 2.329166666665833 0
448 4.633197640478623 2.329166666665832 0
449 6.133197640478624 2.329166666665832 0
450 7.633197640478624 2.329166666665832 0
451 4.866802359521325 1.179166666667572 0
452 6.366802359521325 1.179166666667572 0
453 7.866802359521325 1.179166666667572 0
454 1.866802359521325 1.179166666667571 0
455 3.366802359521325 1.179166666667572 0
456 4.866802359521559 1.562500000001706 0
457 6.366802359521561 1.562500000001705 0
458 7.866802359521557 1.562500000001707 0
459 1.866802359521559 1.562500000001706 0
460 3.366802359521559 1.562500000001706 0
461 3.133197640478131 0.98749999999964 0
462 4.63319764047813 0.9874999999996398 0
463 6.133197640478131 0.9874999999996401 0
464 7.633197640478132 0.9874999999996398 0
465 1.633197640478131 0.9874999999996398 0
466 1.633197640478136 1.370833333332433 0
467 4.633197640478136 1.370833333332433 0
468 6.133197640478137 1.370833333332433 0
469 7.633197640478136 1.370833333332433 0
470 3.133197640478137 1.370833333332433 0
471 1.864416181884866 0.8026051708344728 0
472 3.36441427403802 0.8026069700563947 0
473 4.864429712443403 0.8025924106500919 0
474 6.364416745308031 0.8026046394903003 0
475 7.864414416347049 0.8026068358498558 0
476 3.309079250549903 2.858431100974787 0
477 4.80907925055076 2.858431100974633 0
478 6.309079250550759 2.858431100974633 0
479 7.809079250550761 2.858431100974631 0
480 1.809079250550682 2.858431100974631 0
481 9.325967396138433 2.640200902735633 0
482 0.1740326038622834 2.640200902735217 0
483 3.910802466691102 0.1832583229948324 0
484 9.156697830357839 0.992651153037432 0
485 0.3433021696427193 0.9926511530389044 0
486 0.4756488265478992 0.3934155003631598 0
487 9.326577913894349 2.863219307045811 0
488 0.1734220861059853 2.863219307045524 0
489 9.326023765164987 0.8910076938940716 0
490 0.1739762348353993 0.8910076938916831 0
491 9.021908672674558 0.3888645772429038 0
492 0.1692376467419057 1.858333333333861 0
493 9.330762353258351 1.858333333334063 0
494 9.330097506370837 1.64869816285215 0
495 0.1699024936295234 1.64869816285052 0
496 5.214543162152333 0.3513792233208984 0
497 9.328641463921345 2.412577734028412 0
498 0.1713585360792703 2.41257773402743 0
499 5.003486730128374 0.3595675332060431 0
500 0.7012019630527173 0.3521493184580284 0
501 3.3549074417874 0.3256894780666696 0
502 4.284974091704756 0.3714792983057915 0
503 0.1723291778175677 2.062500000000793 0
504 9.327670822181984 2.062500000000138 0
505 9.322938033250187 0.6996327685238103 0
506 0.17706196675039 0.6996327685237984 0
507 9.29396169843711 1.475898169005682 0
508 0.2060383015617909 1.475898169003899 0
509 9.296795682831728 2.238404084942229 0
510 0.2032043171686247 2.238404084941904 0
511 7.838790536254288 0.3156331511656933 0
512 5.985041692622328 0.3716047885452805 0
513 3.416983009213261 0.1661567891176882 0
514 0.3500103035375816 1.185345644279045 0
515 9.149989696460812 1.185345644278001 0
516 7.918058566657331 0.1688545471995914 0
517 3.665999608945509 0.1702656341023398 0
518 7.691632306971934 0.4011863697506229 0
519 4.8196153531424 0.6376127074291673 0
520 3.045746390041627 0.504495634293292 0
521 1.449043155965652 0.3683279610914955 0
522 6.320472060969894 0.658992099196648 0
523 3.214656845291322 0.4417310524504232 0
524 1.824438826896831 0.6572826641431189 0
525 0.1636690034274216 0.163800669468878 0
526 9.329533149327043 0.1707047266786376 0
527 7.821445742816316 0.6573683893789548 0
528 4.511149397573269 0.3279927524658257 0
529 3.317177254675338 0.6384656447007259 0
530 7.544204532350104 0.4926827953156083 0
531 0.1797696442891979 1.299466636673885 0
532 9.320230355706681 1.299466636676833 0
533 8.802500781825071 0.346585009120718 0
534 4.323574268993585 0.5415014243348524 0
535 6.768749999999357 0.138871898809825 0
536 6.554334384213901 0.1578085746193636 0
537 2.954437126625192 0.1476926404583891 0
538 2.253962658131692 0.1370188340394047 0
539 2.044006502632489 0.1571437663043324 0
540 7.455482126449379 0.1509699489966233 0
541 9.011764579149377 0.5451740615870007 0
542 1.826215004520102 0.3645078860493103 0
543 8.256581288360431 0.3578159637906462 0
544 5.746353830656464 0.3649350878179064 0
545 1.239738335343317 0.365750337386417 0
546 6.343337371943626 0.3591853354004869 0
547 5.525444597643266 0.3620161728766424 0
548 0.485628875911444 0.5479134500963169 0
549 1.526618374211531 0.5286731310639491 0
550 6.037539550998062 0.527310209450828 0
551 3.087642611275106 2.892935249415823 0
552 1.587642611275632 2.892935249415533 0
553 4.587642611275633 2.892935249415518 0
554 6.087642611275633 2.892935249415518 0
555 7.587642611275634 2.892935249415518 0
556 1.022600417155129 0.3638266575682706 0
557 8.476865849414704 0.362002119415294 0
558 2.731249999998424 0.1272994127595119 0
559 7.243749999999312 0.1256105509332308 0
560 4.021874481171634 0.3569595442597423 0
561 0.1772279007648306 0.5349402083725824 0
562 9.294687799114206 0.5387657366284309 0
563 9.082506574942622 2.894800611527816 0
564 0.4174934250574249 2.894800611528014 0
$EndNodes
$Elements
1154
1 15 2 0 1 1
2 15 2 0 2 2
3 15 2 0 3 3
4 15 2 0 4 4
5 15 2 0 5 5
6 15 2 0 6 6
7 15 2 0 7 7
8 15 2 0 8 8
9 15 2 0 9 9
10 15 2 0 10 10
11 15 2 0 11 11
12 15 2 0 12 12
13 15 2 0 13 13
14 15 2 0 14 14
15 15 2 0 15 15
16 15 2 0 16 16
17 15 2 0 17 17
18 15 2 0 18 18
19 15 2 0 19 19
20 15 2 0 20 20
21 15 2 0 21 21
22 15 2 0 22 22
23 15 2 0 23 23
24 15 2 0 24 24
25 15 2 0 25 25
26 15 2 0 26 26
27 15 2 0 27 27
28 15 2 0 28 28
29 1 2 0 1 1 29
30 1 2 0 1 29 30
31 1 2 0 1 30 31
32 1 2 0 1 31 32
33 1 2 0 1 32 33
34 1 2 0 1 33 34
35 1 2 0 1 34 35
36 1 2 0 1 35 36
37 1 2 0 1 36 37
38 1 2 0 1 37 38
39 1 2 0 1 38 39
40 1 2 0 1 39 2
41 1 2 0 2 2 40
42 1 2 0 2 40 41
43 1 2 0 2 41 42
44 1 2 0 2 42 3
45 1 2 0 3 3 43
46 1 2 0 3 43 44
47 1 2 0 3 44 45
48 1 2 0 3 45 46
49 1 2 0 3 46 47
50 1 2 0 3 47 48
51 1 2 0 3 48 49
52 1 2 0 3 49 50
53 1 2 0 3 50 51
54 1 2 0 3 51 52
55 1 2 0 3 52 53
56 1 2 0 3 53 4
57 1 2 0 4 4 54
58 1 2 0 4 54 55
59 1 2 0 4 55 56
60 1 2 0 4 56 5
61 1 2 0 5 5 57
62 1 2 0 5 57 58
63 1 2 0 5 58 59
64 1 2 0 5 59 60
65 1 2 0 5 60 61
66 1 2 0 5 61 62
67 1 2 0 5 62 63
68 1 2 0 5 63 64
69 1 2 0 5 64 65
70 1 2 0 5 65 66
71 1 2 0 5 66 67
72 1 2 0 5 67 6
73 1 2 0 6 6 68
74 1 2 0 6 68 69
75 1 2 0 6 69 70
76 1 2 0 6 70 7
77 1 2 0 7 7 71
78 1 2 0 7 71 72
79 1 2 0 7 72 73
80 1 2 0 7 73 74
81 1 2 0 7 74 75
82 1 2 0 7 75 76
83 1 2 0 7 76 77
84 1 2 0 7 77 78
85 1 2 0 7 78 79
86 1 2 0 7 79 80
87 1 2 0 7 80 81
88 1 2 0 7 81 8
89 1 2 0 8 8 82
90 1 2 0 8 82 83
91 1 2 0 8 83 84
92 1 2 0 8 84 9
93 1 2 0 9 9 85
94 1 2 0 9 85 86
95 1 2 0 9 86 87
96 1 2 0 9 87 88
97 1 2 0 9 88 89
98 1 2 0 9 89 90
99 1 2 0 9 90 91
100 1 2 0 9 91 92
101 1 2 0 9 92 93
102 1 2 0 9 93 94
103 1 2 0 9 94 95
104 1 2 0 9 95 10
105 1 2 0 10 10 96
106 1 2 0 10 96 97
107 1 2 0 10 97 98
108 1 2 0 10 98 11
109 1 2 0 11 11 99
110 1 2 0 11 99 100
111 1 2 0 11 100 101
112 1 2 0 11 101 102
113 1 2 0 11 102 103
114 1 2 0 11 103 104
115 1 2 0 11 104 105
116 1 2 0 11 105 106
117 1 2 0 11 106 107
118 1 2 0 11 107 108
119 1 2 0 11 108 109
120 1 2 0 11 109 12
121 1 2 0 12 12 110
122 1 2 0 12 110 111
123 1 2 0 12 111 112
124 1 2 0 12 112 13
125 1 2 0 13 13 113
126 1 2 0 13 113 114
127 1 2 0 13 114 115
128 1 2 0 13 115 116
129 1 2 0 13 116 117
130 1 2 0 13 117 118
131 1 2 0 13 118 119
132 1 2 0 13 119 120
133 1 2 0 13 120 121
134 1 2 0 13 121 122
135 1 2 0 13 122 123
136 1 2 0 13 123 14
137 1 2 0 14 14 124
138 1 2 0 14 124 125
139 1 2 0 14 125 126
140 1 2 0 14 126 15
141 1 2 0 15 15 127
142 1 2 0 15 127 128
143 1 2 0 15 128 129
144 1 2 0 15 129 130
145 1 2 0 15 130 131
146 1 2 0 15 131 132
147 1 2 0 15 132 133
148 1 2 0 15 133 134
149 1 2 0 15 134 135
150 1 2 0 15 135 136
151 1 2 0 15 136 137
152 1 2 0 15 137 16
153 1 2 0 16 16 138
154 1 2 0 16 138 139
155 1 2 0 16 139 140
156 1 2 0 16 140 17
157 1 2 0 17 17 141
158 1 2 0 17 141 142
159 1 2 0 17 142 143
160 1 2 0 17 143 144
161 1 2 0 17 144 145
162 1 2 0 17 145 146
163 1 2 0 17 146 147
164 1 2 0 17 147 148
165 1 2 0 17 148 149
166 1 2 0 17 149 150
167 1 2 0 17 150 151
168 1 2 0 17 151 18
169 1 2 0 18 18 152
170 1 2 0 18 152 153
171 1 2 0 18 153 154
172 1 2 0 18 154 19
173 1 2 0 19 19 155
174 1 2 0 19 155 156
175 1 2 0 19 156 157
176 1 2 0 19 157 158
177 1 2 0 19 158 159
178 1 2 0 19 159 160
179 1 2 0 19 160 161
180 1 2 0 19 161 162
181 1 2 0 19 162 163
182 1 2 0 19 163 164
183 1 2 0 19 164 165
184 1 2 0 19 165 20
185 1 2 0 20 20 166
186 1 2 0 20 166 167
187 1 2 0 20 167 168
188 1 2 0 20 168 21
189 1 2 0 21 21 169
190 1 2 0 21 169 170
191 1 2 0 21 170 171
192 1 2 0 21 171 172
193 1 2 0 21 172 173
194 1 2 0 21 173 174
195 1 2 0 21 174 175
196 1 2 0 21 175 176
197 1 2 0 21 176 177
198 1 2 0 21 177 178
199 1 2 0 21 178 179
200 1 2 0 21 179 22
201 1 2 0 22 22 180
202 1 2 0 22 180 181
203 1 2 0 22 181 182
204 1 2 0 22 182 23
205 1 2 0 23 23 183
206 1 2 0 23 183 184
207 1 2 0 23 184 185
208 1 2 0 23 185 186
209 1 2 0 23 186 187
210 1 2 0 23 187 188
211 1 2 0 23 188 189
212 1 2 0 23 189 190
213 1 2 0 23 190 191
214 1 2 0 23 191 192
215 1 2 0 23 192 193
216 1 2 0 23 193 24
217 1 2 0 24 24 194
218 1 2 0 24 194 195
219 1 2 0 24 195 196
220 1 2 0 24 196 25
221 1 2 0 25 25 197
222 1 2 0 25 197 198
223 1 2 0 25 198 199
224 1 2 0 25 199 200
225 1 2 0 25 200 201
226 1 2 0 25 201 202
227 1 2 0 25 202 203
228 1 2 0 25 203 204
229 1 2 0 25 204 205
230 1 2 0 25 205 206
231 1 2 0 25 206 207
232 1 2 0 25 207 26
233 1 2 0 26 26 208
234 1 2 0 26 208 209
235 1 2 0 26 209 210
236 1 2 0 26 210 27
237 1 2 0 27 27 211
238 1 2 0 27 211 212
239 1 2 0 27 212 213
240 1 2 0 27 213 214
241 1 2 0 27 214 215
242 1 2 0 27 215 216
243 1 2 0 27 216 217
244 1 2 0 27 217 218
245 1 2 0 27 218 219
246 1 2 0 27 219 220
247 1 2 0 27 220 221
248 1 2 0 27 221 28
249 1 2 0 28 1 222
250 1 2 0 28 222 223
251 1 2 0 28 223 224
252 1 2 0 28 224 225
253 1 2 0 28 225 226
254 1 2 0 28 226 227
255 1 2 0 28 227 228
256 1 2 0 28 228 229
257 1 2 0 28 229 230
258 1 2 0 28 230 231
259 1 2 0 28 231 232
260 1 2 0 28 232 233
261 1 2 0 28 233 234
262 1 2 0 28 234 235
263 1 2 0 28 235 236
264 1 2 0 28 236 237
265 1 2 0 28 237 238
266 1 2 0 28 238 239
267 1 2 0 28 239 240
268 1 2 0 28 240 241
269 1 2 0 28 241 242
270 1 2 0 28 242 243
271 1 2 0 28 243 244
272 1 2 0 28 244 245
273 1 2 0 28 245 246
274 1 2 0 28 246 247
275 1 2 0 28 247 248
276 1 2 0 28 248 249
277 1 2 0 28 249 250
278 1 2 0 28 250 251
279 1 2 0 28 251 252
280 1 2 0 28 252 253
281 1 2 0 28 253 254
282 1 2 0 28 254 255
283 1 2 0 28 255 256
284 1 2 0 28 256 257
285 1 2 0 28 257 258
286 1 2 0 28 258 259
287 1 2 0 28 259 260
288 1 2 0 28 260 28
289 2 2 0 1 481 406 487
290 2 2 0 1 407 482 488
291 2 2 0 1 297 363 518
292 2 2 0 1 361 295 522
293 2 2 0 1 433 329 477
294 2 2 0 1 434 330 478
295 2 2 0 1 435 331 479
296 2 2 0 1 431 328 480
297 2 2 0 1 432 327 476
298 2 2 0 1 362 289 524
299 2 2 0 1 295 361 404
300 2 2 0 1 379 281 417
301 2 2 0 1 289 362 542
302 2 2 0 1 383 280 416
303 2 2 0 1 326 407 488
304 2 2 0 1 406 325 487
305 2 2 0 1 309 401 429
306 2 2 0 1 311 399 426
307 2 2 0 1 312 403 427
308 2 2 0 1 308 400 428
309 2 2 0 1 310 402 430
310 2 2 0 1 401 421 429
311 2 2 0 1 399 422 426
312 2 2 0 1 403 423 427
313 2 2 0 1 400 424 428
314 2 2 0 1 402 425 430
315 2 2 0 1 320 293 418
316 2 2 0 1 405 289 542
317 2 2 0 1 281 379 380
318 2 2 0 1 280 372 416
319 2 2 0 1 363 297 527
320 2 2 0 1 280 383 384
321 2 2 0 1 281 377 417
322 2 2 0 1 401 316 421
323 2 2 0 1 399 313 422
324 2 2 0 1 400 315 424
325 2 2 0 1 403 314 423
326 2 2 0 1 402 317 425
327 2 2 0 1 316 401 457
328 2 2 0 1 314 403 460
329 2 2 0 1 313 399 459
330 2 2 0 1 315 400 456
331 2 2 0 1 317 402 458
332 2 2 0 1 358 303 441
333 2 2 0 1 357 307 444
334 2 2 0 1 359 304 442
335 2 2 0 1 360 305 443
336 2 2 0 1 356 306 445
337 2 2 0 1 306 356 447
338 2 2 0 1 303 358 448
339 2 2 0 1 304 359 449
340 2 2 0 1 305 360 450
341 2 2 0 1 307 357 446
342 2 2 0 1 352 299 470
343 2 2 0 1 353 300 467
344 2 2 0 1 354 301 468
345 2 2 0 1 351 298 466
346 2 2 0 1 355 302 469
347 2 2 0 1 299 352 455
348 2 2 0 1 301 354 452
349 2 2 0 1 302 355 453
350 2 2 0 1 298 351 454
351 2 2 0 1 300 353 451
352 2 2 0 1 348 287 439
353 2 2 0 1 349 284 440
354 2 2 0 1 346 285 437
355 2 2 0 1 347 286 438
356 2 2 0 1 350 283 436
357 2 2 0 1 285 346 433
358 2 2 0 1 286 347 434
359 2 2 0 1 287 348 435
360 2 2 0 1 284 349 431
361 2 2 0 1 283 350 432
362 2 2 0 1 341 292 462
363 2 2 0 1 343 296 464
364 2 2 0 1 345 290 461
365 2 2 0 1 344 288 465
366 2 2 0 1 342 294 463
367 2 2 0 1 290 345 472
368 2 2 0 1 288 344 471
369 2 2 0 1 296 343 475
370 2 2 0 1 294 342 474
371 2 2 0 1 292 341 473
372 2 2 0 1 301 342 463
373 2 2 0 1 300 341 462
374 2 2 0 1 302 343 464
375 2 2 0 1 298 344 465
376 2 2 0 1 299 345 461
377 2 2 0 1 342 301 452
378 2 2 0 1 343 302 453
379 2 2 0 1 341 300 451
380 2 2 0 1 344 298 454
381 2 2 0 1 345 299 455
382 2 2 0 1 305 348 439
383 2 2 0 1 307 349 440
384 2 2 0 1 306 350 436
385 2 2 0 1 303 346 437
386 2 2 0 1 304 347 438
387 2 2 0 1 349 307 446
388 2 2 0 1 350 306 447
389 2 2 0 1 346 303 448
390 2 2 0 1 347 304 449
391 2 2 0 1 348 305 450
392 2 2 0 1 313 351 466
393 2 2 0 1 315 353 467
394 2 2 0 1 314 352 470
395 2 2 0 1 316 354 468
396 2 2 0 1 317 355 469
397 2 2 0 1 351 313 459
398 2 2 0 1 353 315 456
399 2 2 0 1 354 316 457
400 2 2 0 1 355 317 458
401 2 2 0 1 352 314 460
402 2 2 0 1 358 308 428
403 2 2 0 1 360 310 430
404 2 2 0 1 356 312 427
405 2 2 0 1 359 309 429
406 2 2 0 1 357 311 426
407 2 2 0 1 309 359 442
408 2 2 0 1 310 360 443
409 2 2 0 1 308 358 441
410 2 2 0 1 312 356 445
411 2 2 0 1 311 357 444
412 2 2 0 1 389 491 541
413 2 2 0 1 389 319 491
414 2 2 0 1 320 418 528
415 2 2 0 1 418 293 519
416 2 2 0 1 318 388 486
417 2 2 0 1 196 25 375
418 2 2 0 1 419 255 516
419 2 2 0 1 365 419 516
420 2 2 0 1 404 361 546
421 2 2 0 1 486 388 548
422 2 2 0 1 483 237 517
423 2 2 0 1 374 418 519
424 2 2 0 1 285 433 477
425 2 2 0 1 286 434 478
426 2 2 0 1 287 435 479
427 2 2 0 1 284 431 480
428 2 2 0 1 283 432 476
429 2 2 0 1 211 481 487
430 2 2 0 1 482 39 488
431 2 2 0 1 387 418 499
432 2 2 0 1 367 483 517
433 2 2 0 1 418 374 499
434 2 2 0 1 368 377 539
435 2 2 0 1 363 511 518
436 2 2 0 1 95 10 551
437 2 2 0 1 123 14 553
438 2 2 0 1 151 18 554
439 2 2 0 1 179 22 555
440 2 2 0 1 67 6 552
441 2 2 0 1 97 98 476
442 2 2 0 1 181 182 479
443 2 2 0 1 69 70 480
444 2 2 0 1 125 126 477
445 2 2 0 1 153 154 478
446 2 2 0 1 377 538 539
447 2 2 0 1 16 138 373
448 2 2 0 1 207 26 563
449 2 2 0 1 3 43 564
450 2 2 0 1 4 54 376
451 2 2 0 1 375 25 541
452 2 2 0 1 263 397 523
453 2 2 0 1 281 380 558
454 2 2 0 1 84 9 274
455 2 2 0 1 20 166 273
456 2 2 0 1 168 21 276
457 2 2 0 1 8 82 275
458 2 2 0 1 339 391 500
459 2 2 0 1 390 340 533
460 2 2 0 1 372 280 535
461 2 2 0 1 336 392 496
462 2 2 0 1 371 372 536
463 2 2 0 1 56 5 271
464 2 2 0 1 24 194 272
465 2 2 0 1 273 166 416
466 2 2 0 1 140 17 270
467 2 2 0 1 12 110 269
468 2 2 0 1 275 82 417
469 2 2 0 1 372 273 416
470 2 2 0 1 327 432 551
471 2 2 0 1 328 431 552
472 2 2 0 1 331 435 555
473 2 2 0 1 329 433 553
474 2 2 0 1 330 434 554
475 2 2 0 1 16 373 374
476 2 2 0 1 377 275 417
477 2 2 0 1 372 535 536
478 2 2 0 1 340 196 375
479 2 2 0 1 502 320 528
480 2 2 0 1 339 55 381
481 2 2 0 1 195 340 382
482 2 2 0 1 336 139 385
483 2 2 0 1 391 339 556
484 2 2 0 1 340 390 557
485 2 2 0 1 269 110 420
486 2 2 0 1 266 242 387
487 2 2 0 1 319 389 562
488 2 2 0 1 367 269 420
489 2 2 0 1 261 368 539
490 2 2 0 1 379 274 380
491 2 2 0 1 20 273 361
492 2 2 0 1 8 275 362
493 2 2 0 1 383 276 384
494 2 2 0 1 392 336 547
495 2 2 0 1 217 218 370
496 2 2 0 1 32 33 369
497 2 2 0 1 138 336 373
498 2 2 0 1 54 339 376
499 2 2 0 1 24 272 363
500 2 2 0 1 280 384 559
501 2 2 0 1 12 269 364
502 2 2 0 1 84 274 379
503 2 2 0 1 325 406 563
504 2 2 0 1 407 326 564
505 2 2 0 1 377 281 538
506 2 2 0 1 226 278 396
507 2 2 0 1 245 282 394
508 2 2 0 1 168 276 383
509 2 2 0 1 368 261 542
510 2 2 0 1 241 265 387
511 2 2 0 1 264 371 536
512 2 2 0 1 507 216 532
513 2 2 0 1 34 508 531
514 2 2 0 1 257 279 390
515 2 2 0 1 278 225 391
516 2 2 0 1 282 244 392
517 2 2 0 1 380 274 397
518 2 2 0 1 259 258 267
519 2 2 0 1 241 240 265
520 2 2 0 1 235 234 263
521 2 2 0 1 254 253 262
522 2 2 0 1 243 242 266
523 2 2 0 1 248 247 264
524 2 2 0 1 224 223 268
525 2 2 0 1 229 228 261
526 2 2 0 1 384 276 386
527 2 2 0 1 112 13 534
528 2 2 0 1 327 97 476
529 2 2 0 1 328 69 480
530 2 2 0 1 331 181 479
531 2 2 0 1 329 125 477
532 2 2 0 1 330 153 478
533 2 2 0 1 83 84 379
534 2 2 0 1 261 228 395
535 2 2 0 1 267 258 390
536 2 2 0 1 224 268 391
537 2 2 0 1 243 266 392
538 2 2 0 1 264 247 393
539 2 2 0 1 167 168 383
540 2 2 0 1 13 320 534
541 2 2 0 1 220 221 319
542 2 2 0 1 29 30 318
543 2 2 0 1 265 240 398
544 2 2 0 1 242 241 387
545 2 2 0 1 227 226 396
546 2 2 0 1 246 245 394
547 2 2 0 1 239 277 398
548 2 2 0 1 384 386 540
549 2 2 0 1 395 227 396
550 2 2 0 1 213 504 509
551 2 2 0 1 503 37 510
552 2 2 0 1 393 246 394
553 2 2 0 1 138 139 336
554 2 2 0 1 195 196 340
555 2 2 0 1 54 55 339
556 2 2 0 1 274 9 520
557 2 2 0 1 545 278 556
558 2 2 0 1 111 112 378
559 2 2 0 1 320 502 534
560 2 2 0 1 279 543 557
561 2 2 0 1 55 56 381
562 2 2 0 1 194 195 382
563 2 2 0 1 139 140 385
564 2 2 0 1 228 227 395
565 2 2 0 1 258 257 390
566 2 2 0 1 225 224 391
567 2 2 0 1 244 243 392
568 2 2 0 1 502 277 560
569 2 2 0 1 247 246 393
570 2 2 0 1 213 214 504
571 2 2 0 1 36 37 503
572 2 2 0 1 216 217 532
573 2 2 0 1 33 34 531
574 2 2 0 1 386 262 540
575 2 2 0 1 226 225 278
576 2 2 0 1 257 256 279
577 2 2 0 1 245 244 282
578 2 2 0 1 240 239 398
579 2 2 0 1 134 135 353
580 2 2 0 1 162 163 354
581 2 2 0 1 190 191 355
582 2 2 0 1 78 79 351
583 2 2 0 1 106 107 352
584 2 2 0 1 63 64 357
585 2 2 0 1 91 92 356
586 2 2 0 1 119 120 358
587 2 2 0 1 147 148 359
588 2 2 0 1 175 176 360
589 2 2 0 1 136 137 341
590 2 2 0 1 164 165 342
591 2 2 0 1 192 193 343
592 2 2 0 1 80 81 344
593 2 2 0 1 108 109 345
594 2 2 0 1 65 66 349
595 2 2 0 1 93 94 350
596 2 2 0 1 121 122 346
597 2 2 0 1 149 150 347
598 2 2 0 1 177 178 348
599 2 2 0 1 188 189 402
600 2 2 0 1 132 133 400
601 2 2 0 1 104 105 403
602 2 2 0 1 76 77 399
603 2 2 0 1 160 161 401
604 2 2 0 1 101 102 306
605 2 2 0 1 73 74 307
606 2 2 0 1 129 130 303
607 2 2 0 1 157 158 304
608 2 2 0 1 185 186 305
609 2 2 0 1 86 87 299
610 2 2 0 1 58 59 298
611 2 2 0 1 114 115 300
612 2 2 0 1 142 143 301
613 2 2 0 1 170 171 302
614 2 2 0 1 88 89 314
615 2 2 0 1 60 61 313
616 2 2 0 1 116 117 315
617 2 2 0 1 144 145 316
618 2 2 0 1 172 173 317
619 2 2 0 1 5 57 288
620 2 2 0 1 9 85 290
621 2 2 0 1 13 113 292
622 2 2 0 1 17 141 294
623 2 2 0 1 21 169 296
624 2 2 0 1 71 72 284
625 2 2 0 1 99 100 283
626 2 2 0 1 127 128 285
627 2 2 0 1 155 156 286
628 2 2 0 1 183 184 287
629 2 2 0 1 131 132 308
630 2 2 0 1 159 160 309
631 2 2 0 1 187 188 310
632 2 2 0 1 75 76 311
633 2 2 0 1 103 104 312
634 2 2 0 1 308 132 400
635 2 2 0 1 309 160 401
636 2 2 0 1 310 188 402
637 2 2 0 1 312 104 403
638 2 2 0 1 311 76 399
639 2 2 0 1 409 318 486
640 2 2 0 1 292 473 519
641 2 2 0 1 264 393 404
642 2 2 0 1 384 540 559
643 2 2 0 1 261 395 405
644 2 2 0 1 396 278 545
645 2 2 0 1 294 474 522
646 2 2 0 1 288 471 524
647 2 2 0 1 259 267 408
648 2 2 0 1 268 223 409
649 2 2 0 1 378 502 560
650 2 2 0 1 251 250 280
651 2 2 0 1 232 231 281
652 2 2 0 1 239 238 277
653 2 2 0 1 296 475 527
654 2 2 0 1 290 472 529
655 2 2 0 1 293 292 519
656 2 2 0 1 295 294 522
657 2 2 0 1 166 167 416
658 2 2 0 1 319 408 491
659 2 2 0 1 266 387 499
660 2 2 0 1 289 288 524
661 2 2 0 1 82 83 417
662 2 2 0 1 544 282 547
663 2 2 0 1 260 259 408
664 2 2 0 1 223 222 409
665 2 2 0 1 110 111 420
666 2 2 0 1 297 296 527
667 2 2 0 1 397 263 537
668 2 2 0 1 291 290 529
669 2 2 0 1 256 255 419
670 2 2 0 1 380 397 537
671 2 2 0 1 387 265 418
672 2 2 0 1 276 21 530
673 2 2 0 1 30 31 506
674 2 2 0 1 219 220 505
675 2 2 0 1 9 291 520
676 2 2 0 1 17 294 295
677 2 2 0 1 5 288 289
678 2 2 0 1 21 296 297
679 2 2 0 1 272 194 382
680 2 2 0 1 56 271 381
681 2 2 0 1 175 360 430
682 2 2 0 1 119 358 428
683 2 2 0 1 91 356 427
684 2 2 0 1 63 357 426
685 2 2 0 1 147 359 429
686 2 2 0 1 354 163 452
687 2 2 0 1 355 191 453
688 2 2 0 1 352 107 455
689 2 2 0 1 353 135 451
690 2 2 0 1 351 79 454
691 2 2 0 1 356 92 447
692 2 2 0 1 357 64 446
693 2 2 0 1 359 148 449
694 2 2 0 1 358 120 448
695 2 2 0 1 360 176 450
696 2 2 0 1 348 178 435
697 2 2 0 1 346 122 433
698 2 2 0 1 347 150 434
699 2 2 0 1 349 66 431
700 2 2 0 1 350 94 432
701 2 2 0 1 108 345 455
702 2 2 0 1 136 341 451
703 2 2 0 1 80 344 454
704 2 2 0 1 162 354 457
705 2 2 0 1 164 342 452
706 2 2 0 1 192 343 453
707 2 2 0 1 134 353 456
708 2 2 0 1 190 355 458
709 2 2 0 1 78 351 459
710 2 2 0 1 106 352 460
711 2 2 0 1 402 189 458
712 2 2 0 1 400 133 456
713 2 2 0 1 403 105 460
714 2 2 0 1 399 77 459
715 2 2 0 1 401 161 457
716 2 2 0 1 93 350 447
717 2 2 0 1 121 346 448
718 2 2 0 1 177 348 450
719 2 2 0 1 65 349 446
720 2 2 0 1 149 347 449
721 2 2 0 1 345 109 472
722 2 2 0 1 341 137 473
723 2 2 0 1 344 81 471
724 2 2 0 1 343 193 475
725 2 2 0 1 342 165 474
726 2 2 0 1 316 145 421
727 2 2 0 1 314 89 423
728 2 2 0 1 315 117 424
729 2 2 0 1 317 173 425
730 2 2 0 1 313 61 422
731 2 2 0 1 73 307 440
732 2 2 0 1 101 306 436
733 2 2 0 1 185 305 439
734 2 2 0 1 129 303 437
735 2 2 0 1 157 304 438
736 2 2 0 1 306 102 445
737 2 2 0 1 307 74 444
738 2 2 0 1 303 130 441
739 2 2 0 1 304 158 442
740 2 2 0 1 305 186 443
741 2 2 0 1 159 309 442
742 2 2 0 1 187 310 443
743 2 2 0 1 103 312 445
744 2 2 0 1 75 311 444
745 2 2 0 1 131 308 441
746 2 2 0 1 284 72 440
747 2 2 0 1 285 128 437
748 2 2 0 1 286 156 438
749 2 2 0 1 283 100 436
750 2 2 0 1 287 184 439
751 2 2 0 1 58 298 465
752 2 2 0 1 142 301 463
753 2 2 0 1 170 302 464
754 2 2 0 1 86 299 461
755 2 2 0 1 114 300 462
756 2 2 0 1 296 169 464
757 2 2 0 1 288 57 465
758 2 2 0 1 290 85 461
759 2 2 0 1 294 141 463
760 2 2 0 1 292 113 462
761 2 2 0 1 302 171 469
762 2 2 0 1 300 115 467
763 2 2 0 1 298 59 466
764 2 2 0 1 301 143 468
765 2 2 0 1 299 87 470
766 2 2 0 1 144 316 468
767 2 2 0 1 116 315 467
768 2 2 0 1 172 317 469
769 2 2 0 1 60 313 466
770 2 2 0 1 88 314 470
771 2 2 0 1 9 290 291
772 2 2 0 1 371 264 546
773 2 2 0 1 13 292 293
774 2 2 0 1 30 506 561
775 2 2 0 1 140 270 385
776 2 2 0 1 238 237 483
777 2 2 0 1 406 207 563
778 2 2 0 1 43 407 564
779 2 2 0 1 376 339 500
780 2 2 0 1 248 264 536
781 2 2 0 1 263 234 537
782 2 2 0 1 366 269 367
783 2 2 0 1 229 261 539
784 2 2 0 1 83 379 417
785 2 2 0 1 262 253 540
786 2 2 0 1 167 383 416
787 2 2 0 1 380 537 558
788 2 2 0 1 394 282 544
789 2 2 0 1 361 273 371
790 2 2 0 1 362 275 368
791 2 2 0 1 368 275 377
792 2 2 0 1 371 273 372
793 2 2 0 1 370 218 489
794 2 2 0 1 32 369 490
795 2 2 0 1 206 207 406
796 2 2 0 1 43 44 407
797 2 2 0 1 363 272 365
798 2 2 0 1 418 265 528
799 2 2 0 1 432 95 551
800 2 2 0 1 435 179 555
801 2 2 0 1 431 67 552
802 2 2 0 1 433 123 553
803 2 2 0 1 434 151 554
804 2 2 0 1 364 269 366
805 2 2 0 1 373 336 496
806 2 2 0 1 13 293 320
807 2 2 0 1 278 391 556
808 2 2 0 1 390 279 557
809 2 2 0 1 505 220 562
810 2 2 0 1 340 375 533
811 2 2 0 1 279 419 543
812 2 2 0 1 99 283 476
813 2 2 0 1 71 284 480
814 2 2 0 1 127 285 477
815 2 2 0 1 155 286 478
816 2 2 0 1 183 287 479
817 2 2 0 1 204 205 410
818 2 2 0 1 48 49 337
819 2 2 0 1 203 204 323
820 2 2 0 1 202 203 412
821 2 2 0 1 49 50 411
822 2 2 0 1 205 206 334
823 2 2 0 1 53 4 332
824 2 2 0 1 50 51 321
825 2 2 0 1 45 46 414
826 2 2 0 1 46 47 324
827 2 2 0 1 201 202 338
828 2 2 0 1 47 48 413
829 2 2 0 1 44 45 335
830 2 2 0 1 200 201 415
831 2 2 0 1 25 197 333
832 2 2 0 1 199 200 322
833 2 2 0 1 279 256 419
834 2 2 0 1 111 378 420
835 2 2 0 1 1 29 525
836 2 2 0 1 221 28 526
837 2 2 0 1 339 381 556
838 2 2 0 1 382 340 557
839 2 2 0 1 425 174 430
840 2 2 0 1 424 118 428
841 2 2 0 1 421 146 429
842 2 2 0 1 423 90 427
843 2 2 0 1 422 62 426
844 2 2 0 1 174 175 430
845 2 2 0 1 118 119 428
846 2 2 0 1 90 91 427
847 2 2 0 1 62 63 426
848 2 2 0 1 146 147 429
849 2 2 0 1 145 146 421
850 2 2 0 1 117 118 424
851 2 2 0 1 173 174 425
852 2 2 0 1 61 62 422
853 2 2 0 1 89 90 423
854 2 2 0 1 102 103 445
855 2 2 0 1 74 75 444
856 2 2 0 1 130 131 441
857 2 2 0 1 158 159 442
858 2 2 0 1 186 187 443
859 2 2 0 1 100 101 436
860 2 2 0 1 72 73 440
861 2 2 0 1 128 129 437
862 2 2 0 1 156 157 438
863 2 2 0 1 184 185 439
864 2 2 0 1 169 170 464
865 2 2 0 1 57 58 465
866 2 2 0 1 85 86 461
867 2 2 0 1 141 142 463
868 2 2 0 1 113 114 462
869 2 2 0 1 178 179 435
870 2 2 0 1 94 95 432
871 2 2 0 1 66 67 431
872 2 2 0 1 122 123 433
873 2 2 0 1 150 151 434
874 2 2 0 1 161 162 457
875 2 2 0 1 189 190 458
876 2 2 0 1 92 93 447
877 2 2 0 1 120 121 448
878 2 2 0 1 176 177 450
879 2 2 0 1 64 65 446
880 2 2 0 1 105 106 460
881 2 2 0 1 133 134 456
882 2 2 0 1 77 78 459
883 2 2 0 1 148 149 449
884 2 2 0 1 171 172 469
885 2 2 0 1 143 144 468
886 2 2 0 1 115 116 467
887 2 2 0 1 59 60 466
888 2 2 0 1 87 88 470
889 2 2 0 1 107 108 455
890 2 2 0 1 163 164 452
891 2 2 0 1 191 192 453
892 2 2 0 1 79 80 454
893 2 2 0 1 135 136 451
894 2 2 0 1 109 12 472
895 2 2 0 1 137 16 473
896 2 2 0 1 81 8 471
897 2 2 0 1 165 20 474
898 2 2 0 1 193 24 475
899 2 2 0 1 295 404 550
900 2 2 0 1 486 376 500
901 2 2 0 1 397 520 523
902 2 2 0 1 222 1 525
903 2 2 0 1 28 260 526
904 2 2 0 1 364 523 529
905 2 2 0 1 334 206 406
906 2 2 0 1 44 335 407
907 2 2 0 1 336 385 547
908 2 2 0 1 4 376 548
909 2 2 0 1 367 420 560
910 2 2 0 1 393 394 512
911 2 2 0 1 483 367 560
912 2 2 0 1 395 396 521
913 2 2 0 1 21 297 530
914 2 2 0 1 277 238 483
915 2 2 0 1 37 38 498
916 2 2 0 1 212 213 497
917 2 2 0 1 282 392 547
918 2 2 0 1 280 250 535
919 2 2 0 1 281 231 538
920 2 2 0 1 332 4 388
921 2 2 0 1 25 333 389
922 2 2 0 1 232 281 558
923 2 2 0 1 251 280 559
924 2 2 0 1 523 291 529
925 2 2 0 1 197 198 484
926 2 2 0 1 52 53 485
927 2 2 0 1 268 486 500
928 2 2 0 1 289 405 549
929 2 2 0 1 543 382 557
930 2 2 0 1 381 545 556
931 2 2 0 1 262 386 518
932 2 2 0 1 255 254 516
933 2 2 0 1 385 544 547
934 2 2 0 1 375 491 533
935 2 2 0 1 271 5 549
936 2 2 0 1 20 361 522
937 2 2 0 1 388 318 561
938 2 2 0 1 16 374 519
939 2 2 0 1 8 362 524
940 2 2 0 1 484 370 489
941 2 2 0 1 369 485 490
942 2 2 0 1 237 236 517
943 2 2 0 1 270 17 550
944 2 2 0 1 24 363 527
945 2 2 0 1 12 364 529
946 2 2 0 1 205 334 410
947 2 2 0 1 323 204 410
948 2 2 0 1 203 323 412
949 2 2 0 1 50 321 411
950 2 2 0 1 337 49 411
951 2 2 0 1 338 202 412
952 2 2 0 1 48 337 413
953 2 2 0 1 46 324 414
954 2 2 0 1 335 45 414
955 2 2 0 1 324 47 413
956 2 2 0 1 201 338 415
957 2 2 0 1 322 200 415
958 2 2 0 1 512 394 544
959 2 2 0 1 34 35 495
960 2 2 0 1 215 216 494
961 2 2 0 1 68 69 328
962 2 2 0 1 124 125 329
963 2 2 0 1 152 153 330
964 2 2 0 1 180 181 331
965 2 2 0 1 96 97 327
966 2 2 0 1 334 406 481
967 2 2 0 1 407 335 482
968 2 2 0 1 501 263 523
969 2 2 0 1 31 32 490
970 2 2 0 1 218 219 489
971 2 2 0 1 268 409 486
972 2 2 0 1 491 267 533
973 2 2 0 1 333 197 484
974 2 2 0 1 53 332 485
975 2 2 0 1 214 215 493
976 2 2 0 1 35 36 492
977 2 2 0 1 297 518 530
978 2 2 0 1 321 514 531
979 2 2 0 1 515 322 532
980 2 2 0 1 38 39 482
981 2 2 0 1 211 212 481
982 2 2 0 1 236 235 513
983 2 2 0 1 521 396 545
984 2 2 0 1 235 263 513
985 2 2 0 1 217 370 532
986 2 2 0 1 369 33 531
987 2 2 0 1 392 266 496
988 2 2 0 1 398 277 502
989 2 2 0 1 236 513 517
990 2 2 0 1 220 319 562
991 2 2 0 1 391 268 500
992 2 2 0 1 254 262 516
993 2 2 0 1 473 16 519
994 2 2 0 1 408 267 491
995 2 2 0 1 37 498 510
996 2 2 0 1 497 213 509
997 2 2 0 1 474 20 522
998 2 2 0 1 471 8 524
999 2 2 0 1 398 502 528
1000 2 2 0 1 321 51 514
1001 2 2 0 1 199 322 515
1002 2 2 0 1 365 272 543
1003 2 2 0 1 397 274 520
1004 2 2 0 1 475 24 527
1005 2 2 0 1 472 12 529
1006 2 2 0 1 386 276 530
1007 2 2 0 1 404 512 550
1008 2 2 0 1 419 365 543
1009 2 2 0 1 319 221 526
1010 2 2 0 1 29 318 525
1011 2 2 0 1 378 112 534
1012 2 2 0 1 265 398 528
1013 2 2 0 1 362 368 542
1014 2 2 0 1 41 42 326
1015 2 2 0 1 208 209 325
1016 2 2 0 1 267 390 533
1017 2 2 0 1 484 198 515
1018 2 2 0 1 52 485 514
1019 2 2 0 1 333 484 489
1020 2 2 0 1 485 332 490
1021 2 2 0 1 10 96 551
1022 2 2 0 1 6 68 552
1023 2 2 0 1 22 180 555
1024 2 2 0 1 14 124 553
1025 2 2 0 1 18 152 554
1026 2 2 0 1 364 366 501
1027 2 2 0 1 374 373 499
1028 2 2 0 1 318 30 561
1029 2 2 0 1 26 208 563
1030 2 2 0 1 42 3 564
1031 2 2 0 1 363 365 511
1032 2 2 0 1 413 337 492
1033 2 2 0 1 338 412 493
1034 2 2 0 1 272 382 543
1035 2 2 0 1 209 210 487
1036 2 2 0 1 40 41 488
1037 2 2 0 1 535 249 536
1038 2 2 0 1 51 52 514
1039 2 2 0 1 198 199 515
1040 2 2 0 1 361 371 546
1041 2 2 0 1 385 270 544
1042 2 2 0 1 381 271 545
1043 2 2 0 1 405 521 549
1044 2 2 0 1 538 230 539
1045 2 2 0 1 415 338 494
1046 2 2 0 1 337 411 495
1047 2 2 0 1 409 222 525
1048 2 2 0 1 260 408 526
1049 2 2 0 1 249 248 536
1050 2 2 0 1 234 233 537
1051 2 2 0 1 250 249 535
1052 2 2 0 1 230 229 539
1053 2 2 0 1 514 369 531
1054 2 2 0 1 370 515 532
1055 2 2 0 1 253 252 540
1056 2 2 0 1 537 233 558
1057 2 2 0 1 231 230 538
1058 2 2 0 1 373 496 499
1059 2 2 0 1 513 366 517
1060 2 2 0 1 540 252 559
1061 2 2 0 1 334 481 497
1062 2 2 0 1 482 335 498
1063 2 2 0 1 404 393 512
1064 2 2 0 1 366 367 517
1065 2 2 0 1 270 512 544
1066 2 2 0 1 34 495 508
1067 2 2 0 1 494 216 507
1068 2 2 0 1 410 334 497
1069 2 2 0 1 335 414 498
1070 2 2 0 1 364 501 523
1071 2 2 0 1 233 232 558
1072 2 2 0 1 252 251 559
1073 2 2 0 1 408 319 526
1074 2 2 0 1 318 409 525
1075 2 2 0 1 405 395 521
1076 2 2 0 1 261 405 542
1077 2 2 0 1 496 266 499
1078 2 2 0 1 277 483 560
1079 2 2 0 1 264 404 546
1080 2 2 0 1 490 332 506
1081 2 2 0 1 333 489 505
1082 2 2 0 1 332 388 506
1083 2 2 0 1 389 333 505
1084 2 2 0 1 31 490 506
1085 2 2 0 1 489 219 505
1086 2 2 0 1 492 337 495
1087 2 2 0 1 338 493 494
1088 2 2 0 1 324 413 503
1089 2 2 0 1 412 323 504
1090 2 2 0 1 263 501 513
1091 2 2 0 1 214 493 504
1092 2 2 0 1 492 36 503
1093 2 2 0 1 322 415 507
1094 2 2 0 1 411 321 508
1095 2 2 0 1 323 410 509
1096 2 2 0 1 414 324 510
1097 2 2 0 1 370 484 515
1098 2 2 0 1 485 369 514
1099 2 2 0 1 413 492 503
1100 2 2 0 1 493 412 504
1101 2 2 0 1 271 521 545
1102 2 2 0 1 38 482 498
1103 2 2 0 1 481 212 497
1104 2 2 0 1 25 389 541
1105 2 2 0 1 415 494 507
1106 2 2 0 1 495 411 508
1107 2 2 0 1 5 289 549
1108 2 2 0 1 17 295 550
1109 2 2 0 1 410 497 509
1110 2 2 0 1 498 414 510
1111 2 2 0 1 388 4 548
1112 2 2 0 1 504 323 509
1113 2 2 0 1 324 503 510
1114 2 2 0 1 376 486 548
1115 2 2 0 1 420 378 560
1116 2 2 0 1 262 511 516
1117 2 2 0 1 491 375 541
1118 2 2 0 1 96 327 551
1119 2 2 0 1 124 329 553
1120 2 2 0 1 152 330 554
1121 2 2 0 1 180 331 555
1122 2 2 0 1 68 328 552
1123 2 2 0 1 35 492 495
1124 2 2 0 1 493 215 494
1125 2 2 0 1 501 366 513
1126 2 2 0 1 502 378 534
1127 2 2 0 1 511 262 518
1128 2 2 0 1 325 209 487
1129 2 2 0 1 41 326 488
1130 2 2 0 1 520 291 523
1131 2 2 0 1 511 365 516
1132 2 2 0 1 518 386 530
1133 2 2 0 1 508 321 531
1134 2 2 0 1 322 507 532
1135 2 2 0 1 208 325 563
1136 2 2 0 1 326 42 564
1137 2 2 0 1 521 271 549
1138 2 2 0 1 512 270 550
1139 2 2 0 1 506 388 561
1140 2 2 0 1 389 505 562
1141 2 2 0 1 39 2 488
1142 2 2 0 1 2 40 488
1143 2 2 0 1 71 70 7
1144 2 2 0 1 11 99 98
1145 2 2 0 1 127 126 15
1146 2 2 0 1 155 154 19
1147 2 2 0 1 183 182 23
1148 2 2 0 1 210 27 487
1149 2 2 0 1 27 211 487
1150 2 2 0 1 70 71 480
1151 2 2 0 1 98 99 476
1152 2 2 0 1 126 127 477
1153 2 2 0 1 154 155 478
1154 2 2 0 1 182 183 479
$EndElements
