$MeshFormat
2.2 0 8
$EndMeshFormat
$PhysicalNames
5
1 8 "top"
1 9 "left"
1 10 "right"
1 11 "bottom"
1 12 "interior"
$EndPhysicalNames
$Nodes
96
1 0 2 0
2 0 0 0
3 2 0 0
4 2 2 0
5 0.5 0.5 0
6 1.5 1.5 0
7 1.5 0.5 -0
8 0.5027098539943171 0.6014026619548638 0
9 0.5114381625116149 0.7024605285700734 0
10 0.5272013787776386 0.8026554312332421 0
11 0.5511575834243954 0.9012032611428389 0
12 0.5845331932288627 0.996958657888116 0
13 0.628448100111682 1.088345036327785 0
14 0.6836172074347849 1.173394361763169 0
15 0.7499999999999999 1.25 0
16 0.8266056382368917 1.316382792565261 0
17 0.9116549636722828 1.371551899888356 0
18 1.003041342113119 1.415466806771644 0
19 1.09879673885731 1.448842416575648 0
20 1.197344568766872 1.472798621222384 0
21 1.297539471430004 1.488561837488394 0
22 1.398597338047124 1.497290146005792 0
23 1.37500000000055 0.5 0
24 1.250000000001367 0.5 0
25 1.125000000001673 0.5 0
26 1.000000000002361 0.5 0
27 0.8750000000017706 0.5 0
28 0.7500000000011804 0.5 0
29 0.6250000000005902 0.5 0
30 1.5 1.37500000000055 0
31 1.5 1.250000000001367 0
32 1.5 1.125000000001673 0
33 1.5 1.000000000002361 0
34 1.5 0.8750000000017706 0
35 1.5 0.7500000000011804 0
36 1.5 0.6250000000005902 0
37 0.1249999999997468 0 0
38 0.2499999999995588 0 0
39 0.3749999999991988 0 0
40 0.4999999999988388 0 0
41 0.6249999999984761 0 0
42 0.7499999999981134 0 0
43 0.8749999999977507 0 0
44 0.999999999997388 0 0
45 1.124999999997714 0 0
46 1.249999999998041 0 0
47 1.374999999998368 0 0
48 1.499999999998694 0 0
49 1.62499999999902 0 0
50 1.749999999999347 0 0
51 1.874999999999674 0 0
52 0 0.1249999999997468 0
53 0 0.2499999999995588 0
54 0 0.3749999999991988 0
55 0 0.4999999999988388 0
56 0 0.6249999999984761 0
57 0 0.7499999999981134 0
58 0 0.8749999999977507 0
59 0 0.999999999997388 0
60 0 1.124999999997714 0
61 0 1.249999999998041 0
62 0 1.374999999998368 0
63 0 1.499999999998694 0
64 0 1.62499999999902 0
65 0 1.749999999999347 0
66 0 1.874999999999674 0
67 0.1249999999997468 2 0
68 0.2499999999995588 2 0
69 0.3749999999991988 2 0
70 0.4999999999988388 2 0
71 0.6249999999984761 2 0
72 0.7499999999981134 2 0
73 0.8749999999977507 2 0
74 0.999999999997388 2 0
75 1.124999999997714 2 0
76 1.249999999998041 2 0
77 1.374999999998368 2 0
78 1.499999999998694 2 0
79 1.62499999999902 2 0
80 1.749999999999347 2 0
81 1.874999999999674 2 0
82 2 0.1249999999997468 0
83 2 0.2499999999995588 0
84 2 0.3749999999991988 0
85 2 0.4999999999988388 0
86 2 0.6249999999984761 0
87 2 0.7499999999981134 0
88 2 0.8749999999977507 0
89 2 0.999999999997388 0
90 2 1.124999999997714 0
91 2 1.249999999998041 0
92 2 1.374999999998368 0
93 2 1.499999999998694 0
94 2 1.62499999999902 0
95 2 1.749999999999347 0
96 2 1.874999999999674 0
$EndNodes
$Elements
96
1 1 2 12 1 5 8
2 1 2 12 1 8 9
3 1 2 12 1 9 10
4 1 2 12 1 10 11
5 1 2 12 1 11 12
6 1 2 12 1 12 13
7 1 2 12 1 13 14
8 1 2 12 1 14 15
9 1 2 12 1 15 16
10 1 2 12 1 16 17
11 1 2 12 1 17 18
12 1 2 12 1 18 19
13 1 2 12 1 19 20
14 1 2 12 1 20 21
15 1 2 12 1 21 22
16 1 2 12 1 22 6
17 1 2 12 2 7 23
18 1 2 12 2 23 24
19 1 2 12 2 24 25
20 1 2 12 2 25 26
21 1 2 12 2 26 27
22 1 2 12 2 27 28
23 1 2 12 2 28 29
24 1 2 12 2 29 5
25 1 2 12 3 6 30
26 1 2 12 3 30 31
27 1 2 12 3 31 32
28 1 2 12 3 32 33
29 1 2 12 3 33 34
30 1 2 12 3 34 35
31 1 2 12 3 35 36
32 1 2 12 3 36 7
33 1 2 11 4 2 37
34 1 2 11 4 37 38
35 1 2 11 4 38 39
36 1 2 11 4 39 40
37 1 2 11 4 40 41
38 1 2 11 4 41 42
39 1 2 11 4 42 43
40 1 2 11 4 43 44
41 1 2 11 4 44 45
42 1 2 11 4 45 46
43 1 2 11 4 46 47
44 1 2 11 4 47 48
45 1 2 11 4 48 49
46 1 2 11 4 49 50
47 1 2 11 4 50 51
48 1 2 11 4 51 3
49 1 2 9 5 2 52
50 1 2 9 5 52 53
51 1 2 9 5 53 54
52 1 2 9 5 54 55
53 1 2 9 5 55 56
54 1 2 9 5 56 57
55 1 2 9 5 57 58
56 1 2 9 5 58 59
57 1 2 9 5 59 60
58 1 2 9 5 60 61
59 1 2 9 5 61 62
60 1 2 9 5 62 63
61 1 2 9 5 63 64
62 1 2 9 5 64 65
63 1 2 9 5 65 66
64 1 2 9 5 66 1
65 1 2 8 6 1 67
66 1 2 8 6 67 68
67 1 2 8 6 68 69
68 1 2 8 6 69 70
69 1 2 8 6 70 71
70 1 2 8 6 71 72
71 1 2 8 6 72 73
72 1 2 8 6 73 74
73 1 2 8 6 74 75
74 1 2 8 6 75 76
75 1 2 8 6 76 77
76 1 2 8 6 77 78
77 1 2 8 6 78 79
78 1 2 8 6 79 80
79 1 2 8 6 80 81
80 1 2 8 6 81 4
81 1 2 10 7 3 82
82 1 2 10 7 82 83
83 1 2 10 7 83 84
84 1 2 10 7 84 85
85 1 2 10 7 85 86
86 1 2 10 7 86 87
87 1 2 10 7 87 88
88 1 2 10 7 88 89
89 1 2 10 7 89 90
90 1 2 10 7 90 91
91 1 2 10 7 91 92
92 1 2 10 7 92 93
93 1 2 10 7 93 94
94 1 2 10 7 94 95
95 1 2 10 7 95 96
96 1 2 10 7 96 4
$EndElements
