$MeshFormat
2.2 0 8
$EndMeshFormat
$PhysicalNames
2
1 6 "surface"
2 7 "surface"
$EndPhysicalNames
$Nodes
101
1 -1 -0 0
2 1 -0 0
3 1 1 0
4 -1 1 0
5 0 1.5 0
6 -0.875 1.0625 0
7 -0.75 1.125 0
8 -0.625 1.1875 0
9 -0.5 1.25 0
10 -0.375 1.3125 0
11 -0.25 1.375 0
12 -0.125 1.4375 0
13 0.125 1.4375 0
14 0.25 1.375 0
15 0.375 1.3125 0
16 0.5 1.25 0
17 0.625 1.1875 0
18 0.75 1.125 0
19 0.875 1.0625 0
20 1 0.25 0
21 1 0.4999999999999999 0
22 1 0.75 0
23 -1 0.25 0
24 -1 0.4999999999999999 0
25 -1 0.75 0
26 -0.75 0 0
27 -0.5 0 0
28 -0.25 0 0
29 0 0 0
30 0.25 0 0
31 0.5 0 0
32 0.75 0 0
33 -0.2578308274673645 1.220492602085591 0
34 0.3973757480348921 1.178103095535712 0
35 -0.6255126786462341 1.058397151671695 0
36 -0.1152641367223591 0.236560801020818 0
37 0.3857988863711269 0.238998351638042 0
38 0.6239054259846462 1.058245784768554 0
39 0.1333734122634727 1.297996824526945 0
40 0.79589331594869 0.635383816414532 0
41 -0.7834936490538904 0.625 0
42 -0.615604149250578 0.2285868771301876 0
43 0.7835442001278651 0.825649177650827 0
44 0.6188596350193487 0.7389255493820248 0
45 0.5980905134069766 0.5513807970856431 0
46 0.4415907705390694 0.6674125976311066 0
47 0.4589298601299659 0.8504277174813512 0
48 0.2870612381806902 0.7838094071677613 0
49 0.2632169903945256 0.5981032162354409 0
50 0.1162449435657344 0.7172278394878728 0
51 0.1413915550919329 0.8981870695104126 0
52 -0.02850519855525191 0.8349690200579998 0
53 -0.05859408044485886 0.6517227156540504 0
54 -0.2013391957487595 0.775216517925987 0
55 -0.2364189114521685 0.5888610747970719 0
56 -0.00167719077293819 1.009147074559651 0
57 -0.3805084439812979 0.7119409991795368 0
58 -0.3394635621190845 0.8934836469376116 0
59 -0.4205151889323679 0.5283099771426594 0
60 0.1430247686957794 1.058890537512793 0
61 -0.5102074556359668 0.8226718004751897 0
62 0.7606541375140884 0.4159723720315905 0
63 -0.7913788945051136 0.8267959807683736 0
64 0.2939139110149273 0.9554294027417132 0
65 -0.09057296890400593 0.4621535455938941 0
66 -0.1670177178165664 0.9496635092628765 0
67 -0.1370492058964352 1.116304425471043 0
68 -0.2912876365114758 1.062192326928548 0
69 -0.1248102884845348 1.28127145142374 0
70 0.01264489019311812 1.177834856458863 0
71 -0.4616428329536453 1.017516432182651 0
72 0.1325564770176477 0.2060137109740131 0
73 0.6249405706037017 0.2110039314603281 0
74 -0.3696507518408154 0.204663002132432 0
75 -0.8036199665547379 0.3738713077569698 0
76 0.4558555382645671 1.024320673324705 0
77 0.003534668995342706 1.355350522068258 0
78 -0.563492850172608 0.6495991867163504 0
79 0.4124186854266623 0.4718251715842099 0
80 0.2602749011656995 1.243753949986779 0
81 0.7583734122634727 0.9854968245269456 0
82 -0.7622004290175211 0.9860941890579377 0
83 0.2217890228099128 0.4011402396390739 0
84 0.08636527416826341 0.5301121703793426 0
85 -0.4004632306271909 1.165081255809685 0
86 -0.279443271233274 0.3986672271303123 0
87 0.6363985734251534 0.8977971468503056 0
88 -0.608976374430329 0.4607203314501777 0
89 -0.6376729325863368 0.9113137687219307 0
90 -0.5209507022697701 1.133438169569525 0
91 -0.6659901270203783 0.7618504710127945 0
92 0.5204273424568211 1.139633910725794 0
93 0.8833835224782676 0.9247292004355545 0
94 -0.8857158647045269 0.9250780339652622 0
95 0.8138279654260318 0.2160403600667232 0
96 0.5604085814929949 0.3770360160526288 0
97 0.04766702179616221 0.3658552274646832 0
98 -0.8169872981077807 0.1830127018922194 0
99 0.2798541013575115 1.107080071251078 0
100 0.1383514074013968 1.180714671659274 0
101 -0.4671324426177923 0.3589546399548986 0
$EndNodes
$Elements
205
1 15 2 0 1 1
2 15 2 0 2 2
3 15 2 0 3 3
4 15 2 0 4 4
5 15 2 0 6 5
6 1 2 0 1 4 6
7 1 2 0 1 6 7
8 1 2 0 1 7 8
9 1 2 0 1 8 9
10 1 2 0 1 9 10
11 1 2 0 1 10 11
12 1 2 0 1 11 12
13 1 2 0 1 12 5
14 1 2 0 2 5 13
15 1 2 0 2 13 14
16 1 2 0 2 14 15
17 1 2 0 2 15 16
18 1 2 0 2 16 17
19 1 2 0 2 17 18
20 1 2 0 2 18 19
21 1 2 0 2 19 3
22 1 2 0 3 2 20
23 1 2 0 3 20 21
24 1 2 0 3 21 22
25 1 2 0 3 22 3
26 1 2 0 4 1 23
27 1 2 0 4 23 24
28 1 2 0 4 24 25
29 1 2 0 4 25 4
30 1 2 0 5 1 26
31 1 2 0 5 26 27
32 1 2 0 5 27 28
33 1 2 0 5 28 29
34 1 2 0 5 29 30
35 1 2 0 5 30 31
36 1 2 0 5 31 32
37 1 2 0 5 32 2
38 2 2 0 1 38 87 76
39 2 2 0 1 22 93 3
40 2 2 0 1 4 94 25
41 2 2 0 1 76 87 47
42 2 2 0 1 67 68 33
43 2 2 0 1 70 77 39
44 2 2 0 1 12 69 11
45 2 2 0 1 71 89 35
46 2 2 0 1 76 99 34
47 2 2 0 1 11 69 33
48 2 2 0 1 20 62 21
49 2 2 0 1 69 77 70
50 2 2 0 1 56 70 60
51 2 2 0 1 40 44 43
52 2 2 0 1 64 99 76
53 2 2 0 1 40 43 22
54 2 2 0 1 61 89 71
55 2 2 0 1 33 69 67
56 2 2 0 1 66 68 67
57 2 2 0 1 66 67 56
58 2 2 0 1 70 100 60
59 2 2 0 1 25 63 41
60 2 2 0 1 52 66 56
61 2 2 0 1 48 64 47
62 2 2 0 1 32 95 2
63 2 2 0 1 12 77 69
64 2 2 0 1 37 83 79
65 2 2 0 1 20 95 62
66 2 2 0 1 36 72 29
67 2 2 0 1 64 76 47
68 2 2 0 1 61 71 58
69 2 2 0 1 58 68 66
70 2 2 0 1 58 66 54
71 2 2 0 1 46 47 44
72 2 2 0 1 28 74 36
73 2 2 0 1 2 95 20
74 2 2 0 1 79 96 37
75 2 2 0 1 21 40 22
76 2 2 0 1 54 66 52
77 2 2 0 1 56 60 51
78 2 2 0 1 67 70 56
79 2 2 0 1 52 56 51
80 2 2 0 1 25 41 24
81 2 2 0 1 71 85 68
82 2 2 0 1 74 86 36
83 2 2 0 1 21 62 40
84 2 2 0 1 36 86 65
85 2 2 0 1 57 58 54
86 2 2 0 1 50 51 48
87 2 2 0 1 78 88 41
88 2 2 0 1 58 71 68
89 2 2 0 1 30 72 37
90 2 2 0 1 51 64 48
91 2 2 0 1 5 77 12
92 2 2 0 1 43 93 22
93 2 2 0 1 30 37 31
94 2 2 0 1 28 36 29
95 2 2 0 1 68 85 33
96 2 2 0 1 37 73 31
97 2 2 0 1 46 48 47
98 2 2 0 1 42 74 27
99 2 2 0 1 41 75 24
100 2 2 0 1 50 52 51
101 2 2 0 1 25 94 63
102 2 2 0 1 57 61 58
103 2 2 0 1 45 46 44
104 2 2 0 1 69 70 67
105 2 2 0 1 29 72 30
106 2 2 0 1 72 83 37
107 2 2 0 1 26 42 27
108 2 2 0 1 27 74 28
109 2 2 0 1 76 92 38
110 2 2 0 1 60 64 51
111 2 2 0 1 44 87 43
112 2 2 0 1 31 73 32
113 2 2 0 1 65 97 36
114 2 2 0 1 71 90 85
115 2 2 0 1 41 88 75
116 2 2 0 1 53 54 52
117 2 2 0 1 24 75 23
118 2 2 0 1 36 97 72
119 2 2 0 1 49 50 48
120 2 2 0 1 47 87 44
121 2 2 0 1 40 45 44
122 2 2 0 1 63 91 41
123 2 2 0 1 14 39 13
124 2 2 0 1 13 77 5
125 2 2 0 1 39 100 70
126 2 2 0 1 35 90 71
127 2 2 0 1 11 33 10
128 2 2 0 1 55 57 54
129 2 2 0 1 15 80 14
130 2 2 0 1 39 77 13
131 2 2 0 1 57 78 61
132 2 2 0 1 37 96 73
133 2 2 0 1 50 53 52
134 2 2 0 1 46 49 48
135 2 2 0 1 16 34 15
136 2 2 0 1 14 80 39
137 2 2 0 1 18 38 17
138 2 2 0 1 53 55 54
139 2 2 0 1 75 88 42
140 2 2 0 1 10 85 9
141 2 2 0 1 8 35 7
142 2 2 0 1 45 79 46
143 2 2 0 1 50 84 53
144 2 2 0 1 79 83 49
145 2 2 0 1 46 79 49
146 2 2 0 1 19 81 18
147 2 2 0 1 55 59 57
148 2 2 0 1 1 98 26
149 2 2 0 1 23 98 1
150 2 2 0 1 33 85 10
151 2 2 0 1 34 80 15
152 2 2 0 1 49 84 50
153 2 2 0 1 7 82 6
154 2 2 0 1 34 92 76
155 2 2 0 1 40 62 45
156 2 2 0 1 53 65 55
157 2 2 0 1 59 78 57
158 2 2 0 1 99 100 80
159 2 2 0 1 73 96 62
160 2 2 0 1 53 84 65
161 2 2 0 1 73 95 32
162 2 2 0 1 83 84 49
163 2 2 0 1 18 81 38
164 2 2 0 1 41 91 78
165 2 2 0 1 60 99 64
166 2 2 0 1 88 101 42
167 2 2 0 1 42 101 74
168 2 2 0 1 81 87 38
169 2 2 0 1 35 82 7
170 2 2 0 1 62 95 73
171 2 2 0 1 16 92 34
172 2 2 0 1 85 90 9
173 2 2 0 1 38 92 17
174 2 2 0 1 43 87 81
175 2 2 0 1 59 88 78
176 2 2 0 1 78 91 61
177 2 2 0 1 55 86 59
178 2 2 0 1 8 90 35
179 2 2 0 1 65 86 55
180 2 2 0 1 9 90 8
181 2 2 0 1 75 98 23
182 2 2 0 1 3 93 19
183 2 2 0 1 80 100 39
184 2 2 0 1 17 92 16
185 2 2 0 1 62 96 45
186 2 2 0 1 6 94 4
187 2 2 0 1 60 100 99
188 2 2 0 1 19 93 81
189 2 2 0 1 26 98 42
190 2 2 0 1 82 94 6
191 2 2 0 1 42 98 75
192 2 2 0 1 82 89 63
193 2 2 0 1 74 101 86
194 2 2 0 1 61 91 89
195 2 2 0 1 89 91 63
196 2 2 0 1 35 89 82
197 2 2 0 1 86 101 59
198 2 2 0 1 45 96 79
199 2 2 0 1 83 97 84
200 2 2 0 1 72 97 83
201 2 2 0 1 34 99 80
202 2 2 0 1 84 97 65
203 2 2 0 1 81 93 43
204 2 2 0 1 63 94 82
205 2 2 0 1 59 101 88
$EndElements
